profil                                           " 
112 
63
8 
43 
1.00000000 0.00000000
0.98826392 0.00193752
0.96838513 0.00521830
0.94476283 0.00911306
0.91788039 0.01353662
0.88830269 0.01838788
0.85815569 0.02330958
0.82774897 0.02824391
0.79783058 0.03306364
0.76783343 0.03785471
0.73766475 0.04262526
0.70727760 0.04737550
0.67656947 0.05211355
0.64613740 0.05674079
0.61552427 0.06132063
0.58497503 0.06580963
0.55453131 0.07019603
0.52553028 0.07428799
0.49395466 0.07864073
0.46387591 0.08268162
0.43399920 0.08658747
0.40455253 0.09032622
0.37513944 0.09394493
0.34650786 0.09724307
0.32297160 0.09967429
0.29571178 0.10222988
0.26969711 0.10431570
0.24508335 0.10587530
0.21829228 0.10695822
0.20043450 0.10727494
0.18050215 0.10694614
0.16216336 0.10590744
0.14542015 0.10422806
0.12997717 0.10193747
0.11591436 0.09910376
0.10311247 0.09578339
0.09127805 0.09196790
0.08034909 0.08768953
0.07038156 0.08303810
0.06112827 0.07796584
0.05281126 0.07270293
0.04529092 0.06729522
0.03851684 0.06182299
0.03244194 0.05636000
0.02697899 0.05092994
0.02210912 0.04558746
0.01773956 0.04025954
0.01390183 0.03500928
0.01054711 0.02980106
0.00765843 0.02463494
0.00526874 0.01962356
0.00330945 0.01469280
0.00177490 0.00990326
0.00066120 0.00526814
0.00000000 0.00000000
0.00014227 -0.00474131
0.00092545 -0.00924344
0.00229507 -0.01372005
0.00384970 -0.01738012
0.00536483 -0.02027137
0.00696789 -0.02288412
0.00872883 -0.02538228
0.01097234 -0.02815581
0.01428992 -0.03165730
0.01703310 -0.03415914
0.02088488 -0.03723263
0.02545014 -0.04037943
0.03031291 -0.04329390
0.03600178 -0.04628117
0.04248619 -0.04926931
0.04914606 -0.05195112
0.05437908 -0.05382105
0.06001496 -0.05563401
0.06931444 -0.05822887
0.08058491 -0.06099410
0.09349853 -0.06390007
0.10828418 -0.06671326
0.12548487 -0.06965485
0.14454986 -0.07262985
0.16639524 -0.07567992
0.19052947 -0.07861768
0.21587275 -0.08123094
0.24290848 -0.08350520
0.27031675 -0.08529003
0.29893335 -0.08661598
0.32721656 -0.08740850
0.34949597 -0.08768396
0.35651729 -0.08770885
0.38409619 -0.08752735
0.41364096 -0.08685451
0.44246390 -0.08574145
0.47080553 -0.08422626
0.50147873 -0.08213731
0.53075945 -0.07972752
0.56076544 -0.07685678
0.59024489 -0.07365981
0.62078460 -0.06997380
0.65036629 -0.06605896
0.67959176 -0.06187584
0.69632972 -0.05934538
0.71043744 -0.05713923
0.74015848 -0.05228055
0.77006465 -0.04711691
0.79905927 -0.04186356
0.82976302 -0.03605245
0.85934561 -0.03022847
0.88941272 -0.02409922
0.91890486 -0.01789736
0.94563969 -0.01212579
0.96863055 -0.00705772
0.98845821 -0.00261494
1.00000000 0.00000000