gnu-A                                             
 140
  84
  10
  48
 1.000000     0.000000
 0.991040     0.001990
 0.975850     0.005330
 0.958560     0.009120
 0.939410     0.013280
 0.918750     0.017720
 0.897020     0.022360
 0.874620     0.027080
 0.851840     0.031830
 0.828840     0.036560
 0.805710     0.041250
 0.782520     0.045880
 0.759350     0.050440
 0.736190     0.054900
 0.712980     0.059270
 0.689760     0.063560
 0.666540     0.067760
 0.643260     0.071880
 0.619940     0.075930
 0.596580     0.079900
 0.573200     0.083810
 0.549850     0.087640
 0.526530     0.091380
 0.503240     0.095030
 0.480010     0.098590
 0.456850     0.102030
 0.433760     0.105360
 0.410790     0.108560
 0.387930     0.111610
 0.365230     0.114530
 0.342810     0.117270
 0.320780     0.119810
 0.299220     0.122100
 0.278250     0.124090
 0.257990     0.125780
 0.238630     0.127100
 0.220240     0.127990
 0.202880     0.128440
 0.186530     0.128380
 0.171170     0.127840
 0.156780     0.126800
 0.143300     0.125260
 0.130670     0.123230
 0.118860     0.120730
 0.107810     0.117750
 0.097470     0.114300
 0.087790     0.110380
 0.078730     0.106040
 0.070280     0.101330
 0.062410     0.096340
 0.055130     0.091150
 0.048430     0.085820
 0.042320     0.080430
 0.036770     0.075030
 0.031770     0.069690
 0.027290     0.064450
 0.023280     0.059350
 0.019740     0.054390
 0.016610     0.049610
 0.013860     0.045010
 0.011460     0.040580
 0.009380     0.036340
 0.007580     0.032260
 0.006040     0.028360
 0.004730     0.024620
 0.003650     0.021040
 0.002750     0.017610
 0.001980     0.014340
 0.001390     0.011200
 0.000900     0.008210
 0.000460     0.005350
 0.000140     0.002620
 0.000000    -0.000000
 0.000070    -0.002580
 0.000140    -0.005220
 0.000440    -0.007860
 0.001250    -0.010470
 0.002270    -0.013120
 0.003540    -0.015740
 0.005220    -0.018250
 0.007240    -0.020670
 0.009630    -0.022930
 0.012350    -0.025080
 0.016000    -0.027497
 0.018670    -0.029190
 0.022290    -0.031230
 0.026250    -0.033270
 0.030610    -0.035280
 0.035410    -0.037290
 0.040720    -0.039280
 0.046630    -0.041290
 0.053210    -0.043320
 0.063000    -0.046011
 0.068890    -0.047530
 0.078270    -0.049740
 0.088880    -0.052010
 0.100870    -0.054350
 0.114320    -0.056730
 0.129250    -0.059100
 0.145560    -0.061390
 0.163110    -0.063520
 0.181770    -0.065460
 0.201330    -0.067170
 0.221610    -0.068660
 0.242420    -0.069920
 0.263600    -0.070940
 0.285060    -0.071720
 0.306670    -0.072250
 0.328370    -0.072540
 0.350110    -0.072580
 0.371900    -0.072350
 0.393810    -0.071850
 0.415850    -0.071110
 0.438050    -0.070120
 0.460410    -0.068920
 0.482910    -0.067540
 0.505480    -0.065960
 0.528150    -0.064210
 0.550890    -0.062290
 0.573650    -0.060220
 0.596450    -0.057970
 0.619290    -0.055570
 0.642190    -0.053020
 0.665130    -0.050330
 0.688100    -0.047490
 0.711140    -0.044510
 0.734230    -0.041400
 0.757370    -0.038170
 0.780610    -0.034820
 0.803880    -0.031390
 0.827160    -0.027860
 0.850370    -0.024300
 0.873360    -0.020710
 0.895960    -0.017110
 0.917920    -0.013580
 0.938800    -0.010180
 0.958150    -0.007000
 0.975610    -0.004100
 0.990950    -0.001530
 1.000000     0.000000
