profil                                            
 112
  63
   8
  43
 1.000000     0.000000
 0.988264     0.001938
 0.968385     0.005218
 0.944763     0.009113
 0.917880     0.013537
 0.888303     0.018388
 0.858156     0.023310
 0.827749     0.028244
 0.797831     0.033064
 0.767833     0.037855
 0.737665     0.042625
 0.707278     0.047376
 0.676569     0.052114
 0.646137     0.056741
 0.615524     0.061321
 0.584975     0.065810
 0.554531     0.070196
 0.525530     0.074288
 0.493955     0.078641
 0.463876     0.082682
 0.433999     0.086587
 0.404553     0.090326
 0.375139     0.093945
 0.346508     0.097243
 0.322972     0.099674
 0.295712     0.102230
 0.269697     0.104316
 0.245083     0.105875
 0.218292     0.106958
 0.200435     0.107275
 0.180502     0.106946
 0.162163     0.105907
 0.145420     0.104228
 0.129977     0.101937
 0.115914     0.099104
 0.103112     0.095783
 0.091278     0.091968
 0.080349     0.087690
 0.070382     0.083038
 0.061128     0.077966
 0.052811     0.072703
 0.045291     0.067295
 0.038517     0.061823
 0.032442     0.056360
 0.026979     0.050930
 0.022109     0.045587
 0.017740     0.040260
 0.013902     0.035009
 0.010547     0.029801
 0.007658     0.024635
 0.005269     0.019624
 0.003309     0.014693
 0.001775     0.009903
 0.000661     0.005268
 0.000000     0.000000
 0.000142    -0.004741
 0.000925    -0.009243
 0.002295    -0.013720
 0.003850    -0.017380
 0.005365    -0.020271
 0.006968    -0.022884
 0.008729    -0.025382
 0.011000    -0.028185
 0.014290    -0.031657
 0.017033    -0.034159
 0.020885    -0.037233
 0.025450    -0.040379
 0.030313    -0.043294
 0.036002    -0.046281
 0.042500    -0.049275
 0.049146    -0.051951
 0.054379    -0.053821
 0.060015    -0.055634
 0.069314    -0.058229
 0.080585    -0.060994
 0.093499    -0.063900
 0.108284    -0.066713
 0.125485    -0.069655
 0.144550    -0.072630
 0.166395    -0.075680
 0.190529    -0.078618
 0.215873    -0.081231
 0.242908    -0.083505
 0.270317    -0.085290
 0.298933    -0.086616
 0.327217    -0.087408
 0.349496    -0.087684
 0.356517    -0.087709
 0.384096    -0.087527
 0.413641    -0.086855
 0.442464    -0.085741
 0.470806    -0.084226
 0.501479    -0.082137
 0.530759    -0.079728
 0.560765    -0.076857
 0.590245    -0.073660
 0.620785    -0.069974
 0.650366    -0.066059
 0.679592    -0.061876
 0.696330    -0.059345
 0.710437    -0.057139
 0.740158    -0.052281
 0.770065    -0.047117
 0.799059    -0.041864
 0.829763    -0.036052
 0.859346    -0.030228
 0.889413    -0.024099
 0.918905    -0.017897
 0.945640    -0.012126
 0.968631    -0.007058
 0.988458    -0.002615
 1.000000     0.000000
