gnuC2
 175
 116
 4
 57
 1.00000     0.00000
 0.99748     0.00055
 0.99291     0.00155
 0.98705     0.00282
 0.98019     0.00430
 0.97248     0.00595
 0.96406     0.00773
 0.95499     0.00963
 0.94536     0.01163
 0.93521     0.01371
 0.92461     0.01587
 0.91358     0.01808
 0.90217     0.02035
 0.89041     0.02266
 0.87833     0.02500
 0.86596     0.02738
 0.85332     0.02977
 0.84043     0.03219
 0.82733     0.03462
 0.81401     0.03705
 0.80051     0.03949
 0.78685     0.04194
 0.77303     0.04437
 0.75907     0.04680
 0.74500     0.04922
 0.73082     0.05163
 0.71655     0.05402
 0.70220     0.05639
 0.68778     0.05874
 0.67331     0.06106
 0.65879     0.06336
 0.64425     0.06562
 0.62968     0.06785
 0.61510     0.07005
 0.60052     0.07221
 0.58595     0.07433
 0.57141     0.07641
 0.55689     0.07844
 0.54240     0.08043
 0.52797     0.08237
 0.51359     0.08426
 0.49927     0.08610
 0.48503     0.08788
 0.47087     0.08961
 0.45679     0.09128
 0.44281     0.09288
 0.42893     0.09442
 0.41517     0.09590
 0.40152     0.09731
 0.38799     0.09865
 0.37460     0.09992
 0.36135     0.10111
 0.34824     0.10222
 0.33529     0.10326
 0.32249     0.10421
 0.30986     0.10507
 0.29739     0.10585
 0.28511     0.10653
 0.27301     0.10710
 0.26110     0.10753
 0.24938     0.10782
 0.23787     0.10794
 0.22656     0.10790
 0.21546     0.10768
 0.20458     0.10730
 0.19393     0.10673
 0.18350     0.10599
 0.17331     0.10505
 0.16336     0.10393
 0.15365     0.10262
 0.14420     0.10111
 0.13499     0.09940
 0.12605     0.09750
 0.11738     0.09541
 0.10897     0.09313
 0.10084     0.09066
 0.09299     0.08802
 0.08542     0.08520
 0.07814     0.08222
 0.07116     0.07909
 0.06447     0.07582
 0.05809     0.07241
 0.05201     0.06888
 0.04625     0.06524
 0.04080     0.06150
 0.03568     0.05767
 0.03088     0.05376
 0.02641     0.04979
 0.02227     0.04577
 0.01847     0.04169
 0.01502     0.03758
 0.01191     0.03344
 0.00915     0.02928
 0.00675     0.02510
 0.00470     0.02093
 0.00302     0.01668
 0.00170     0.01268
 0.00076     0.00809
 0.00019     0.00443
 0.000038    0.002151
 0.00000     0.00000
 0.00019    -0.00117
 0.00076    -0.00369
 0.00170    -0.00536
 0.00302    -0.00689
 0.00470    -0.00831
 0.00675    -0.00962
 0.00915    -0.01082
 0.01191    -0.01192
 0.01502    -0.01293
 0.01847    -0.01386
 0.02227    -0.01472
 0.02641    -0.01551
 0.03088    -0.01624
 0.03568    -0.01692
 0.04000    -0.01756
 0.046667   -0.022373
 0.053333   -0.027187 
 0.06000    -0.03200
 0.065020   -0.035699
 0.07071    -0.03950
 0.078416   -0.043561 
 0.08687    -0.04719
 0.096153   -0.050861
 0.10564    -0.05435
 0.114453   -0.057327
 0.12272    -0.05997
 0.128780   -0.061829 
 0.13498    -0.06349
 0.14419    -0.06536
 0.15364    -0.06712
 0.16335    -0.06878
 0.17330    -0.07033
 0.18349    -0.07176
 0.19392    -0.07309
 0.20457    -0.07432
 0.21545    -0.07544
 0.22654    -0.07645
 0.23785    -0.07736
 0.24937    -0.07818
 0.26108    -0.07890
 0.27300    -0.07953
 0.28510    -0.08006
 0.29738    -0.08051
 0.315638   -0.081094
 0.34135    -0.08122
 0.36782    -0.08013
 0.39488    -0.07867
 0.42246    -0.07687
 0.45050    -0.07474
 0.47895    -0.07230
 0.50774    -0.06957
 0.53680    -0.06658
 0.56607    -0.06335
 0.59547    -0.05989
 0.62492    -0.05624
 0.65434    -0.05242
 0.68365    -0.04844
 0.71275    -0.04433
 0.74154    -0.04013
 0.76991    -0.03585
 0.79774    -0.03152
 0.82489    -0.02718
 0.838085	-0.02513
 0.85128	-0.02308
 0.87052	-0.020095
 0.88976	-0.01711
 0.90669	-0.014485
 0.92362	-0.01186
 0.93419	-0.010215
 0.94476	-0.00857
 0.958235	-0.00648
 0.97171	-0.00439
 0.985855	-0.002195
 1.00000	 0.00000


