**************************************************************
* LABORATORI D'ENVOL PARAGLIDING DESIGN                      *
* Input data file                                            *
**************************************************************
* Version 20180827 (LEP-2.75)
**************************************************************
*             1. GEOMETRY                                    *
**************************************************************
* Brand name
"Laboratori d'envol"
* Wing name
"GNU19-v4-2018"
* Drawing scale
1.0
* Wing scale 
1.0
* Number of cells
	29
* Number of ribs
	30
* Alpha wingtip, parameter, (alpha center) 
	10.0        1         0.0
* Paraglider type and parameter
"ss" 1
* Rib geometric parameters
* Rib    x-rib       y-LE       y-TE         xp         z     beta      RP        Washin
 1      19.74        .00     250.00      19.74        .19       1.07      33.33        .00
 2      59.21        .02     249.98      59.18       1.70       3.44      33.33        .00
 3      98.68        .07     249.93      98.46       5.46       7.48      33.33        .00
 4     138.16        .13     249.87     137.40      11.93      11.40      33.33        .00
 5     177.63        .22     249.78     175.79      21.06      15.38      33.33        .00
 6     217.11       3.43     249.54     213.24      33.48      21.43      33.33        .00
 7     255.58      11.78     248.56     248.27      49.34      26.24      33.33        .00
 8     274.82      17.74     247.78     265.12      58.62      18.27      33.33        .00
 9     294.05      25.21     246.74     281.47      68.76      33.30      33.33        .00
10     331.53      43.45     244.09     311.70      90.88      39.11      33.33        .00
11     349.26      54.16     242.49     325.03     102.57      39.85      33.33        .00
12     367.00      65.71     240.75     336.51     116.06      54.00      33.33        .00
13     399.00      89.56     237.10     351.23     144.34      70.93      33.33        .00
14     412.00     106.28     235.45     354.78     156.85      59.34      33.33        .00
15     425.00     123.35     233.74     357.07     172.56      84.20      33.33        .00
**************************************************************
*             2. AIRFOILS       	                     *
**************************************************************
* Airfoil name. intake in. intake out. open. disp   rweight 
1	gnuPSF.txt	2.244	10.0	1	0	1	0
2	gnuPSF.txt	2.244	10.0	1	0	1	1
3	gnuPSF.txt	2.244	10.0	1	0	1	1
4	gnuPSF.txt	2.244	10.0	1	0	1	1
5	gnuPSF.txt	2.244	10.0	1	0	1	1
6	gnuPSF.txt	2.244	10.0	1	0	1	1
7	gnuPSFnose.txt	2.244	10.0	1	0	1	0
8	gnuPSFwhale.txt	2.244	10.0	1	0	1	0
9	gnuPSFnose.txt	2.244	10.0	1	0	1	0
10	gnuPSFnose.txt	2.244	10.0	1	0	1	0
11	gnuPSFwhale.txt	2.244	10.0	1	0	1	0
12	gnuPSFnose.txt	2.244	10.0	1	0	1	0
13	gnuPSFnose.txt	2.244	10.0	1	0	1	0
14	gnuPSFwhale.txt	2.244	10.0	1	0	1	0
15	gnuPSFnose.txt	2.244	10.0	1	0	1	0
*************************************************************
*            3. ANCHOR POINTS                               *
*************************************************************
* Airf	Anch	A	B	C	D	E	F
1	4	10.	30.35	51.32	75.28	0	100
2	4	10.	30.35	51.32	75.28	0	100
3	4	10.	30.35	51.32	75.28	0	100
4	4	10.	30.35	51.32	75.28	0	100
5	4	10.	30.35	51.32	75.28	0	100
6	4	10.	30.35	51.32	75.28	0	100
7	5	10.	30.35	51.32	75.28	96	100
8	5	10.	30.35	51.32	75.28	96	100
9	5	10.	30.35	51.32	75.28	96	100
10	5	10.	30.35	51.32	75.28	96	100
11	5	10.	30.35	51.32	75.28	96	100
12	5	10.	30.35	51.32	75.28	96	100
13	5	10.	30.35	51.32	75.28	95	100
14	5	10.	30.35	51.32	75.28	95	100
15	5	10.	30.35	51.32	75.28	95	100
*************************************************************
*          4. AIRFOIL HOLES                                 *
*************************************************************
1 
1	
12 	
1	
1 8.59	1.92	3. 3.	0. 0. 0.
*************************************************************
*           5. SKIN TENSION                                 *
*************************************************************
Extrados
0.		0.	0.		0.
7.5		1.3	10.		1.33
15.		2.5	20.		2.5
80.		2.5	80.		2.5
90.		1.33	90.		1.33
100.		0.0	100.		0.
0.0001
1000	1.0
*************************************************************
*           6. SEWING ALLOWANCES                            *
*************************************************************
15	25	25	upper panels (mm)
15	25	25	lower panels (mm)
15	ribs (mm)
15	vribs (mm)
*************************************************************
*           7. MARKS
*************************************************************
25.	0.5	0.15
************************************************************
*           8. Global angle of attack estimation           *
*************************************************************
* Finesse GR
	4.4
* Center of pressure % of chord
	35
* Calage %
	25
* Risers lenght cm
	47
* Line lenght cm
	500
* Karabiners cm
	40
***************************************************
*          9. SUSPENSION LINES DESCRIPTION
***************************************************
0
3
9
3	1 1	2 1	3 1	0 0 	1 1
3	1 1	2 1	3 2	0 0	1 2
3	1 1	2 1	3 3	0 0	1 3
3	1 1	2 2	3 4	0 0	1 4
3	1 1	2 2	3 5	0 0	1 5
3	1 1	2 2	3 6	0 0	1 6
3	1 1	2 3	3 7	0 0	1 8
3	1 1	2 3	3 8	0 0	1 11
3	1 1	2 3	3 9	0 0	1 14
9
3	1 1	2 1	3 1	0 0 	2 1
3	1 1	2 1	3 2	0 0	2 2
3	1 1	2 1	3 3	0 0	2 3
3	1 1	2 2	3 4	0 0	2 4
3	1 1	2 2	3 5	0 0	2 5
3	1 1	2 2	3 6	0 0	2 6
3	1 1	2 3	3 7	0 0	2 8
3	1 1	2 3	3 8	0 0	2 11
3	1 1	2 3	3 9	0 0	2 14
18
3	1 1	2 1	3 1	0 0 	3 1
3	1 1	2 1	3 2	0 0	3 2
3	1 1	2 1	3 3	0 0	3 3
3	1 1	2 1	3 4	0 0 	4 1
3	1 1	2 1	3 5	0 0	4 2
3	1 1	2 1	3 6	0 0	4 3
3	1 1	2 2	3 7	0 0	3 4
3	1 1	2 2	3 8	0 0	3 5
3	1 1	2 2	3 9	0 0	3 6
3	1 1	2 2	3 10	0 0	4 4
3	1 1	2 2	3 11	0 0	4 5
3	1 1	2 2	3 12	0 0	4 6
3	1 1	2 3	3 13	0 0	3 8
3	1 1	2 3	3 14	0 0	3 11
3	1 1	2 3	3 15	0 0	3 14
3	1 1	2 3	3 16	0 0	4 8
3	1 1	2 3	3 17	0 0	4 11
3	1 1	2 3	3 18	0 0	4 14
***************************************************
*       10. BRAKES
***************************************************
200
6
3	1 1	2 1	3 1	0 0 	6 1
3	1 1	2 1	3 2	0 0	6 3
3	1 1	2 1	3 3	0 0	6 5
3	1 1	2 2	3 4	0 0	6 7
3	1 1	2 2	3 5	0 0	6 10
3	1 1	2 2	3 6	0 0	6 13
* Brake distribution
0	25	50	80	100
0 	0	0	0	0
***************************************************
*       11. Ramification lengths
***************************************************
3	180
4	275	100
3	135
4	200	80
***************************************************
*	12. H V and VH ribs
***************************************************
16
80	150
1	1	0 1	1 1	4.5	0.	0.	0
2	5	8 1	1 1	50.	35.	110.	4.5
3	5	8 2	1 1	50.	35.	110.	4.5
4	5	8 3	1 1	50.	35.	110.	4.5
5	5	8 4	1 1	50.	35.	110.	4.5
6	5	8 5	1 1	50.	35.	110.	4.5
7	5	11 1	1 1	50.	35.	90.	4.5
8	5	11 2	1 1	50.	35.	90.	4.5
9	5	11 3	1 1	50.	35.	90.	4.5
10	5	11 4	1 1	50.	35.	90.	4.5
11	5	11 5	1 1	50.	35.	90.	4.5
12	5	14 1	1 1	50.	35.	89.	4.5
13	5	14 2	1 1	50.	35.	89.	4.5
14	5	14 3	1 1	50.	35.	89.	4.5
15	5	14 4	1 1	50.	35.	89.	4.5
16	5	14 5	1 1	50.	35.	89.	4.5
*****************************************************
*	15. Extrados colors
*****************************************************
3
1	1
1	40	0.
2	1
1	20	0.
3	1
1	0.0	0.
*****************************************************
*	16. Intrados colors
*****************************************************
1
1	1
1	0.	0.
*****************************************************
*       17. Aditional rib points
*****************************************************
2
8.288	7.27
11.21	-2.113
*****************************************************
*       18. Elastic lines corrections
*****************************************************
100
75	25
40	40	20
35	35	20	10
35	35	15	10	5
1	0.08	0.2	0.2	
2	0.08	0.2	0.2
3	0.08	0.2	0.2
4	0.08	0.2	0.2
5	0.08	0.2	0.2
******************************************************
*       19. DXF layer names
******************************************************
10
general         default
line-external	cutexternal
line-sewing     cutinternal
points		points
circles		circles
triangles       triangle
square          square
text		text
reference       refer
notes           notes
******************************************************
*       20. Marks types
******************************************************
10
typepoint   1  2.5   1.2     2  0.2  1.2
typepoint2  1  2.5   1.2     2  0.2  1.2
typepoint3  1  2.5   1.2     2  0.2  1.2
typevent    1  0.    0.0     1  10.  2.0
typetab     1  0.    0.0     3  2.0  1.0
typejonc    1  0.    0.0     2  2.0  0.0
typeref     1  5.    1.      1  2.0  0.0
type8       1  0.25  1.2     2  0.2  1.2
type9       1  0.25  1.2     2  0.2  1.2
type10      1  0.25  1.2     2  0.2  1.2
*******************************************************
*       21. JONCS DEFINITION (NYLON RODS)
*******************************************************
0
*******************************************************
*       22. NOSE MYLARS DEFINITION
*******************************************************
0
*******************************************************
*       23. TAB REINFORCEMENTS
*******************************************************
0
*******************************************************
*       24. GENERAL 2D DXF OPTIONS
*******************************************************
1
A_lines_color	1     red
B_lines_color	30    orange
C_lines_color	3     green
D_lines_color	4     cyan
E_lines_color   6     magenta
F_lines_color	5     blue
*******************************************************
*       25. GENERAL 3D DXF OPTIONS
*******************************************************
1
A_lines_color	1     red
B_lines_color	8     grey
C_lines_color	8     grey
D_lines_color	8     grey
E_lines_color   8     grey
F_lines_color	30    orange
Extrados	1	96       blue
Vents		1	30      orange
Intrados	0	3	green
*******************************************************
*       26. GLUE VENTS
*******************************************************
0
*******************************************************
*       27. SPECIAL WING TIP
*******************************************************
0
*******************************************************
*       28. PARAMETERS FOR CALAGE VARIATION
*******************************************************
0
*******************************************************
*       29. 3D SHAPING
*******************************************************
0
*******************************************************
*       30. AIRFOIL THICKNESS MODIFICATION
*******************************************************
1
1	1.0
2	1.0
3	1.0
4	1.0
5	1.0
6	1.0
7	1.0
8	1.0
9	1.0
10	1.0
11	1.0
12	1.0
13      1.0
14      1.0
15      1.0
*******************************************************
*       31. NEW SKIN TENSION MODULE (not implemented in 2.75)
*******************************************************
1
3
* Skin tension group number "1" from rib 1 to 4, 6 points, type "1"
1      	1	4	6	1
1	0.		0.0	0.		0.
2	7.5		1.3	10.		1.33
3	15.		2.5	20.		2.5
4	80.		2.5	80.		2.5
5	90.		1.33	90.		1.33
6	100.		0.0	100.		0.
* Skin tension group number "2" from rib 5 to 22, 6 points, type "1"
2      	5	22	6	1
1	0.		0.0	0.		0.
2	7.5		1.3	10.		1.33
3	15.		2.5	20.		2.5
4	80.		2.5	80.		2.5
5	90.		1.33	90.		1.33
6	100.		0.0	100.		0.
* Skin tension group number "3" from rib 22 to 23, 8 points, type "1"
3      	22	23	8	1
1	0.		0.0	0.		0.
2	7.5		1.3	10.		1.33
3	15.		2.5	20.		2.5
4	50.		2.5	60.		2.5
5	65.		2.5	70.		2.5
6	75.		2.0	80.		1.9
7       90		1.0     90              1.0
8       100.           -1.0	100.	       -1.0
*******************************************************
*	32. PARAMETERS FOR PARTS SEPARATION
*******************************************************
0
*******************************************************
*	33. DETAILED RISERS
*******************************************************
0
*******************************************************
*	34. LINES CHARACTERISTICS TABLE
*******************************************************
0
*******************************************************
*	35. SOLVE EQUILIBRIUM EQUATIONS
*******************************************************
0
*******************************************************
*	36. CREATE FILES FOR XFLR5 ANALYSIS
*******************************************************
0
*******************************************************
*	37. SOME SPECIAL PARAMETERS
*******************************************************
0
