
 LABORATORI D'ENVOL PARAGLIDING 3.17   version "Z"                                               
 by Pere Casellas 2010-2021
 http://www.laboratoridenvol.com
 General Public License GNU/GPL 3.0

 Brand: LABORATORI D'ENVOL                                
 Paraglider model: gnu-test-3.19                                     
  scale:    0.98076

 1. MAIN PARAMETERS:
 -------------------------------------------------
Flat area =  26.00 m2  279.8 ft2
Flat span =  10.57 m    34.7 ft
Flat A/R =  4.30

Projected area =  22.65 m2  243.8 ft2
Projected span =   8.66 m    28.4 ft
Projected A/R =  3.31
Flattening =  12.86

More geometric parameters:
Vault arrow =   2.31 m
Proj_span/arrow =   3.74
Line heigth (included risers) =   7.14 m
Proj_span/Line_heigth =   1.30
Karabiners - wingtip =   6.14 m
Proj_span/(Karabiners - wingtip) =   1.41

Wing type is: ds

Planform center of gravity at 52.62 % from leading edge

 2. CALAGE PROPERTIES:
 -------------------------------------------------
finesse GR   7.00
glide angle   8.13
AoA   5.70
assiette   2.43
total height hcp (inc risers)   714. cm
risers    47. cm
calage, pilot centering % cm  25.00   75.79
center pressure (estimation) cm  35.00  106.10
karabiners (x,y,z)      20.00     75.94    713.92

 3. RIB PROPERTIES:
 -------------------------------------------------
 Ribs number =           30
 Cells number =           29

 Rib - Chord - washin - beta - Rot_z
 -------------------------------------------------
 1     303.14   0.000   1.95   0.00
 2     301.30   0.027   6.06   0.00
 3     297.64   0.082   9.97   0.00
 4     292.17   0.163  13.87   0.00
 5     284.90   0.271  17.57   0.00
 6     275.86   0.405  21.75   0.00
 7     265.04   0.566  26.50   0.00
 8     251.86   0.761  31.25   0.00
 9     235.20   1.009  35.78   0.00
10     215.26   1.305  40.10   0.00
11     192.48   1.643  46.40   0.00
12     167.49   2.014  54.04   0.00
13     140.88   2.409  61.64   0.00
14     113.19   2.820  76.24   0.00
15      84.95   4.500  88.85   0.00

 Cell   width (cm)
 0       44.43
 1     44.23
 2     43.85
 3     43.29
 4     42.55
 5     41.62
 6     40.51
 7     39.15
 8     37.45
 9     35.40
10     33.08
11     30.51
12     27.79
13     24.94
14     22.05

 4. LINE MATRIX, LINE LENGTHS,AND LINE LOADS:
 Line-plan- level- order- ap  - r - row - rib -  L    -   length -length_e - load (Kg)
 --------------------------------------------------------------------------
  1     1     1     1    13     3     1    13    L =     47.00    47.00     16.59
  2     1     2     1     3     3     1     3    L =    477.00   476.82      4.61
  3     1     2     2     3     3     1     6    L =    469.00   468.84      4.36
  4     1     2     3     3     3     1     9    L =    460.00   459.86      3.85
  5     1     2     4     4     3     1    13    L =    444.00   443.87      3.77
  6     1     3     1     1     3     1     1    L =    183.68   183.62      1.55
  7     1     3     2     1     3     1     2    L =    177.66   177.61      1.54
  8     1     3     3     1     3     1     3    L =    179.09   179.04      1.52
  9     1     3     4     1     3     1     4    L =    184.05   183.99      1.49
 10     1     3     5     1     3     1     5    L =    178.28   178.22      1.46
 11     1     3     6     1     3     1     6    L =    179.42   179.37      1.41
 12     1     3     7     1     3     1     7    L =    184.47   184.42      1.36
 13     1     3     8     1     3     1     8    L =    178.15   178.10      1.29
 14     1     3     9     1     3     1     9    L =    177.35   177.30      1.20
 15     1     3    10     1     3     1    10    L =    190.01   189.97      1.10
 16     1     3    11     1     3     1    11    L =    181.76   181.73      0.98
 17     1     3    12     1     3     1    12    L =    176.60   176.57      0.86
 18     1     3    13     1     3     1    13    L =    174.56   174.53      0.82
 19     2     1     1    17     3     4    15    L =     47.00    47.00     17.83
 20     2     2     1     3     3     2     3    L =    470.00   469.83      4.61
 21     2     2     2     3     3     2     6    L =    463.00   462.84      4.36
 22     2     2     3     3     3     2     9    L =    455.00   454.86      3.85
 23     2     2     4     4     3     2    13    L =    442.00   441.87      3.77
 24     2     2     5     4     3     4    15    L =    420.00   419.96      1.24
 25     2     3     1     1     3     2     1    L =    183.70   183.64      1.55
 26     2     3     2     1     3     2     2    L =    177.78   177.72      1.54
 27     2     3     3     1     3     2     3    L =    179.21   179.15      1.52
 28     2     3     4     1     3     2     4    L =    183.36   183.30      1.49
 29     2     3     5     1     3     2     5    L =    177.92   177.87      1.46
 30     2     3     6     1     3     2     6    L =    179.30   179.24      1.41
 31     2     3     7     1     3     2     7    L =    183.74   183.69      1.36
 32     2     3     8     1     3     2     8    L =    178.04   177.99      1.29
 33     2     3     9     1     3     2     9    L =    177.71   177.67      1.20
 34     2     3    10     1     3     2    10    L =    188.03   187.99      1.10
 35     2     3    11     1     3     2    11    L =    180.93   180.89      0.98
 36     2     3    12     1     3     2    12    L =    176.32   176.29      0.86
 37     2     3    13     1     3     2    13    L =    177.42   177.39      0.82
 38     2     3    14     1     3     1    15    L =    176.23   176.22      0.43
 39     2     3    15     1     3     2    15    L =    177.31   177.29      0.43
 40     2     3    16     1     3     3    15    L =    181.98   181.98      0.25
 41     2     3    17     1     3     4    15    L =    189.99   189.99      0.12
 42     3     1     1    25     3     4    12    L =     47.00    47.00     13.93
 43     3     2     1     6     3     4     3    L =    482.00   481.85      3.95
 44     3     2     2     6     3     4     6    L =    475.00   474.86      3.74
 45     3     2     3     6     3     4     9    L =    467.00   466.88      3.30
 46     3     2     4     7     3     4    12    L =    453.00   452.89      2.93
 47     3     3     1     1     3     3     1    L =    179.57   179.54      0.89
 48     3     3     2     1     3     3     2    L =    173.54   173.50      0.88
 49     3     3     3     1     3     3     3    L =    175.10   175.07      0.87
 50     3     3     4     1     3     4     1    L =    201.58   201.56      0.44
 51     3     3     5     1     3     4     2    L =    195.99   195.98      0.44
 52     3     3     6     1     3     4     3    L =    197.09   197.07      0.43
 53     3     3     7     1     3     3     4    L =    179.32   179.29      0.85
 54     3     3     8     1     3     3     5    L =    173.66   173.63      0.83
 55     3     3     9     1     3     3     6    L =    174.98   174.95      0.81
 56     3     3    10     1     3     4     4    L =    200.34   200.33      0.43
 57     3     3    11     1     3     4     5    L =    194.62   194.61      0.42
 58     3     3    12     1     3     4     6    L =    195.07   195.05      0.40
 59     3     3    13     1     3     3     7    L =    179.41   179.38      0.77
 60     3     3    14     1     3     3     8    L =    173.37   173.34      0.74
 61     3     3    15     1     3     3     9    L =    172.65   172.63      0.69
 62     3     3    16     1     3     4     7    L =    197.82   197.80      0.39
 63     3     3    17     1     3     4     8    L =    191.30   191.29      0.37
 64     3     3    18     1     3     4     9    L =    189.59   189.57      0.34
 65     3     3    19     1     3     3    10    L =    183.12   183.10      0.63
 66     3     3    20     1     3     3    11    L =    176.29   176.27      0.56
 67     3     3    21     1     3     3    12    L =    171.55   171.53      0.49
 68     3     3    22     1     3     3    13    L =    177.34   177.33      0.41
 69     3     3    23     1     3     4    10    L =    196.36   196.34      0.31
 70     3     3    24     1     3     4    11    L =    188.70   188.69      0.28
 71     3     3    25     1     3     4    12    L =    182.82   182.81      0.24
 72     4     1     1    13     4     6    14    L =    264.00     0.00      0.00
 73     4     2     1     4     4     6     5    L =    247.00     0.00      0.00
 74     4     2     2     4     4     6     9    L =    218.00     0.00      0.00
 75     4     2     3     5     4     6    14    L =    194.00     0.00      0.00
 76     4     3     1     2     4     6     3    L =    117.00     0.00      0.00
 77     4     3     2     2     4     6     5    L =    117.00     0.00      0.00
 78     4     3     3     2     4     6     7    L =    117.00     0.00      0.00
 79     4     3     4     2     4     6     9    L =    117.00     0.00      0.00
 80     4     3     5     2     4     6    11    L =    117.00     0.00      0.00
 81     4     3     6     3     4     6    14    L =    117.00     0.00      0.00
 82     4     4     1     1     4     6     2    L =    103.42     0.00      0.00
 83     4     4     2     1     4     6     3    L =     88.67     0.00      0.00
 84     4     4     3     1     4     6     4    L =     79.65     0.00      0.00
 85     4     4     4     1     4     6     5    L =     76.72     0.00      0.00
 86     4     4     5     1     4     6     6    L =     96.28     0.00      0.00
 87     4     4     6     1     4     6     7    L =     86.32     0.00      0.00
 88     4     4     7     1     4     6     8    L =     80.61     0.00      0.00
 89     4     4     8     1     4     6     9    L =     79.31     0.00      0.00
 90     4     4     9     1     4     6    10    L =     97.62     0.00      0.00
 91     4     4    10     1     4     6    11    L =     89.99     0.00      0.00
 92     4     4    11     1     4     6    12    L =     85.15     0.00      0.00
 93     4     4    12     1     4     6    13    L =     77.36     0.00      0.00
 94     4     4    13     1     4     6    14    L =     74.09     0.00      0.00

Total line lengths (without loops) =    369.77
Total line lengths (with loops) =    407.37
 (estimation of 10 cm additional per loop)


 5. Adjustment seam parameters on the inner side
 of extrados panels (fig. 10 of the manual)
 -------------------------------------------------
 Not used ( ndif=1000 )


 6. VERIFICATION Panels and rib differences (mm):
 -------------------------------------------------
 NOTE: Maximal accuracy << 0.02 mm in extrados and intrados panels

 Number - Panel at left - Rib - Panel at right - max dif (mm)

 1     3315.61   3315.61   3315.61     0.000 extra
 1     2831.65   2831.65   2831.65     0.000 intra

 2     3295.45   3295.45   3295.45     0.000 extra
 2     2814.43   2814.43   2814.43     0.001 intra

 3     3255.44   3255.44   3255.44     0.000 extra
 3     2780.26   2780.26   2780.26     0.001 intra

 4     3195.58   3195.58   3195.58     0.000 extra
 4     2729.14   2729.14   2729.14     0.001 intra

 5     3116.09   3116.09   3116.09     0.000 extra
 5     2661.25   2661.25   2661.25     0.001 intra

 6     3017.19   3017.19   3017.19     0.000 extra
 6     2576.78   2576.79   2576.79     0.003 intra

 7     2898.87   2898.87   2898.87     0.000 extra
 7     2475.73   2475.74   2475.74     0.003 intra

 8     2754.70   2754.70   2754.70     0.000 extra
 8     2352.61   2352.61   2352.61     0.003 intra

 9     2572.45   2572.45   2572.45     0.000 extra
 9     2196.96   2196.96   2196.96     0.004 intra

10     2354.37   2354.37   2354.37     0.000 extra
10     2010.71   2010.71   2010.72     0.005 intra

11     2105.28   2105.28   2105.28     0.000 extra
11     1797.98   1797.99   1797.99     0.007 intra

12     1831.96   1831.96   1831.96     0.000 extra
12     1564.55   1564.56   1564.56     0.008 intra

13     1540.83   1540.83   1540.83     0.000 extra
13     1315.91   1315.92   1315.93     0.008 intra

14     1223.52   1223.52   1223.52     0.000 extra
14     1056.07   1056.08   1056.10     0.013 intra

15      863.13    863.13     -         0.000 extra
15      789.18    789.19     -         0.001 intra

 Panel distorsions in the leading edge (mm):
 -------------------------------------------
 Panel   D. extra   D. intra
  0      0.0384    0.0005
  1      0.0380    0.0001
  2      0.0263   -0.0011
  3      0.0106   -0.0027
  4     -0.0140   -0.0047
  5     -0.0360   -0.0091
  6     -0.0657   -0.0119
  7     -0.0003   -0.0186
  8     -0.0017   -0.0345
  9     -0.0052   -0.0549
 10     -0.0098   -0.0891
 11     -0.0157   -0.0967
 12     -0.0271   -0.0193
 13     -0.0186   -0.0337
 14     -0.0328   -0.0290

 7. CALAGE AND RISERS VARIATIONS WITH ANGLE

 a) Speed system pivot in last riser:
 -------------------------------------------
 i   alpha       A       B       C       D  Calage
 1   -0.00    0.00    0.00    0.00    0.00  25.00
 2   -1.00   -3.61   -2.62   -1.26    0.00  20.91
 3   -2.00   -7.22   -5.24   -2.53    0.00  16.89
 4   -3.00  -10.82   -7.86   -3.79    0.00  13.00
 5   -4.00  -14.42  -10.47   -5.06    0.00   9.40

 b) Speed system pivot in first riser:
 -------------------------------------------
 i   alpha       A       B       C       D  Calage
 1   -0.00    0.00    0.00    0.00    0.00   25.00
 2   -1.00    0.00    1.01    2.34    3.53   20.89
 3   -2.00    0.00    2.01    4.67    7.05   16.77
 4   -3.00    0.00    3.01    6.99   10.56   12.65
 5   -4.00    0.00    4.02    9.31   14.04    8.53

 b) Trimer system pivot in first riser:
 -------------------------------------------
 i   alpha       A       B       C       D  Calage
 1    0.00    0.00    0.00    0.00    0.00   25.00
 2    1.00    0.00   -1.01   -2.34   -3.55   29.11
 3    2.00    0.00   -2.01   -4.68   -7.10   33.21
 4    3.00    0.00   -3.02   -7.03  -10.67   37.30
 5    4.00    0.00   -4.02   -9.38  -14.25   41.39

 d) Trimer system pivot in last riser:
 -------------------------------------------
 i   alpha       A       B       C       D  Calage
 1    0.00    0.00    0.00    0.00    0.00   25.00
 2    1.00    3.62    2.62    1.26    0.00   29.13
 3    2.00    7.24    5.24    2.52    0.00   33.27
 4    3.00   10.86    7.85    3.77    0.00   37.43
 5    4.00   14.48   10.46    5.02    0.00   41.60

 8. NYLON RODS (JONCS)
 -------------------------------------------
BLOC   1   TYPE  1
 -------------------------------------------
Group  1
 ----------------------------
Jonc   1     85.8
Jonc   2     85.3
Jonc   3     84.3
Jonc   4     82.7
Jonc   5     80.7
Jonc   6     78.1
Jonc   7     75.1
Jonc   8     71.3
Jonc   9     66.6
Jonc  10     61.0
 ----------------------------
Group  2
 ----------------------------
Jonc  11     54.5
Jonc  12     47.4
Jonc  13     39.9
Jonc  14     30.8
 ----------------------------
Joncs total length m (both sides)    18.87

 9. 3D-SHAPING DETAILS
 -------------------------------------------


 10. INFORMATIVE EXTRADOS AND INTRADOS COEFFICIENTS
 -------------------------------------------
 Rib             panel/rib (left) panel/rib (right)
  0     extrados      1.00000         1.00000
  1     extrados      1.00000         1.00000
  2     extrados      1.00000         1.00000
  3     extrados      1.00000         1.00000
  4     extrados      1.00000         1.00000
  5     extrados      1.00000         1.00000
  6     extrados      1.00000         1.00000
  7     extrados      1.00000         1.00000
  8     extrados      1.00000         1.00000
  9     extrados      1.00000         1.00000
 10     extrados      1.00000         1.00000
 11     extrados      1.00000         1.00000
 12     extrados      1.00000         1.00000
 13     extrados      1.00000         1.00000
 14     extrados      1.00000         1.00000

  0     intrados      1.00000         1.00000
  1     intrados      1.00000         1.00000
  2     intrados      1.00000         1.00000
  3     intrados      1.00000         1.00000
  4     intrados      1.00000         1.00000
  5     intrados      1.00000         1.00000
  6     intrados      1.00000         1.00000
  7     intrados      1.00000         1.00000
  8     intrados      1.00000         1.00000
  9     intrados      1.00000         1.00000
 10     intrados      1.00000         1.00000
 11     intrados      1.00000         1.00000
 12     intrados      1.00000         1.00000
 13     intrados      1.00000         1.00000
 14     intrados      1.00000         1.00000

 11. INFORMATION ABOUT AIRFOIL POINTS
 -------------------------------------------
 Rib  Total Extra Vents Intra
  0   111    66     9    38
  1   111    66     9    38
  2   111    66     9    38
  3   111    66     9    38
  4   111    66     9    38
  5   111    66     9    38
  6   111    66     9    38
  7   111    66     9    38
  8   111    66     9    38
  9   111    66     9    38
 10   111    66     9    38
 11   111    66     9    38
 12   111    66     9    38
 13   111    66     9    38
 14   111    66     9    38
 15   111    66     9    38

 12. ANGLES BETWEEN AIRFOIL PLANE AND GLIDEPATH LINE  (phi) and local AoA (chi)
 --------------------------------------------------- -------------------------
 Informative angles. Change rotation values
 in column 10 of SECTION 1, using phi to improve the  results
 phi=angle between airfoil plane and glidepath line
 chi=angle between chord line and glidepath line (local AoA)

 Rib    phi      chi
  1     0.28     8.13
  2     0.86     8.16
  3     1.40     8.21
  4     1.94     8.29
  5     2.45     8.39
  6     3.00     8.51
  7     3.62     8.64
  8     4.21     8.79
  9     4.74     8.97
 10     5.23     9.17
 11     5.88     9.34
 12     6.57     9.45
 13     7.15     9.51
 14     7.90     9.21
 15     8.13     9.36
