**************************************************************
* LABORATORI D'ENVOL PARAGLIDING DESIGN                      *
* Input data file (leparagliding 2.22)                        *
**************************************************************
*
**************************************************************
*             1. GEOMETRY                                    *
**************************************************************
* Brand name
"Laboratori d'envol"
* Wing name
"BarretinaHyperLite 3 risers"
* Drawing scale
1.
* Wing scale 
0.8485
* Number of cells
	29
* Number of ribs
	30
* Alpha max and parameter
	4.5	1
* Paraglider type and parameter
  "ss" 1
* Rib geometric parameters
* Rib	x-rib	y-LE	y-TE	xp	z	beta	RP	Washin
1	20	0	286.52	20	0.3	1.653	33.33	0.
2	60	0.97	286.04	59.94	2.54	4.786	33.33	0.0
3	100	2.78	285.08	99.68	7.09	8.282	33.33	0.0	
4	140	5.55	283.61	139.06	14.06	11.581	33.33	0.0	
5	180	9.32	281.61	178.03	23.1	15.183	33.33	0.0	
6	220	14.17	279.06	216.32	34.87	19.036	33.33	0.2	
7	260	20.19	275.90	253.66	49.77	22.906	33.33	0.5	
8	300	27.5	272.05	289.81	66.33	26.598	33.33	0.7	
9	340	37.02	267.42	324.65	85.98	32.117	33.33	1.3	
10	380	49.53	261.85	357.49	108.82	37.604	33.33	1.8	
11	420	64.87	255.1	387.27	134.39	43.775	33.33	3.8	
12	457.2	83.01	247.4	413.08	161.20	49.639	33.33	6.1
13	489.2	103.46	239.17	431.85	187.12	59.571	33.33	8.8	
14	517.2	127.8	230.68	443.16	212.74	74.465	33.33	11.6	
15	542.2	158.04	223.3	442.51	237.73	90.000	33.33	14.5
**************************************************************
*             2. AIRFOILS       	                     *
**************************************************************
* Airfoil name, intake in, intake out, open, disp, rrw 	
1	bhl.txt	2.244	10.0	1	0	1	1
2	bhl.txt	2.244	10.0	1	0	1	1
3	bhl.txt	2.244	10.0	1	0	1	1
4	bhl.txt	2.244	10.0	1	0	1	1
5	bhl.txt	2.244	10.0	1	0	1	1
6	bhl.txt	2.244	10.0	1	0	1	1
7	bhl.txt	2.244	10.0	1	0	1	1
8	bhl.txt	2.244	10.0	1	0	1	1
9	bhl.txt	2.244	10.0	1	0	1	1
10	bhl.txt	2.244	10.0	1	0	1	1
11	bhl.txt	2.244	10.0	1	0	1	1
12	bhl.txt	2.244	10.0	1	0	1	1
13	bhl.txt	2.244	10.0	1	0	1	1
14	bhl.txt	2.244	10.0	1	0	1	1
15	pbhl.txt 2.244	10.0	1	0	1	1
*************************************************************
*            3. ANCHOR POINTS                               *
*************************************************************
* Airf	Anch	A	B	C	D	E	F
1	4	10.	30.35	51.32	73	0	0
2	4	10.	30.35	51.32	73	0	100
3	4	10.	30.35	51.32	73	0	100
4	4	10.	30.35	51.32	73	0	100
5	4	10.	30.35	51.32	73	0	100
6	4	10.	30.35	51.32	73	0	100
7	4	10.	30.35	51.32	73	0	100
8	4	10.	30.35	51.32	73	0	100
9	4	10.	30.35	51.32	73	0	100
10	4	10.	30.35	51.32	73	0	100
11	4	10.	30.35	51.32	73	0	100
12	4	10.	30.35	51.32	73	0	100
13	4	10.	30.35	51.32	73	0	100
14	4	10.	30.35	51.32	73	0	100
15	4	0.	33	66	95	0	100
*************************************************************
*          4. AIRFOIL HOLES                                 *
*************************************************************
1 
1	
14 	
1	
1 8.59	1.92	3. 3.	0. 0. 0.
*************************************************************
*           5. SKIN TENSION                                 *
*************************************************************
Extrados
0.		0.	0.		0.
7.5		1.3	10.		1.33
15.		2.5	20.		2.5
80.		2.5	80.		2.5
90.		1.33	90.		1.33
100.		0.0	100.		0.
0.0001
16	0.9
*************************************************************
*           6. SEWING ALLOWANCES                            *
*************************************************************
15	25	25	upper panels (mm)
15	25	25	lower panels (mm)
15	ribs (mm)
15	vribs (mm)
*************************************************************
*           7. MARKS
*************************************************************
25.	0.5	0.15
************************************************************
*           8. Global angle of attack estimation           *
*************************************************************
* Finesse GR
	7.5
* Center of pressure % of chord
	45
* Calage %
	43
* Risers lenght cm
	47
* Line lenght cm
	650
* Karabiners cm
	40
***************************************************
*          9. SUSPENSION LINES DESCRIPTION
***************************************************
0
3
14
4	1 1	2 1	3 1	4 1 	1 1
4	1 1	2 1	3 1	4 2	1 2
4	1 1	2 1	3 2	4 3	1 3
4	1 1	2 1	3 2	4 4	1 4
4	1 1	2 2	3 3	4 5	1 5
4	1 1	2 2	3 3	4 6	1 6
4	1 1	2 2	3 4	4 7	1 7
4	1 1	2 2	3 4	4 8	1 8
4	1 1	2 2	3 4	4 9	1 9
4	1 1	2 3	3 5	4 10	1 10
4	1 1	2 3	3 5	4 11	1 11
4	1 1	2 3	3 6	4 12	1 12
4	1 1	2 3	3 6	4 13	1 13
4	1 1	2 3	3 6	4 14	1 14
18
4	1 1	2 1	3 1	4 1 	2 1
4	1 1	2 1	3 1	4 2	2 2
4	1 1	2 1	3 2	4 3	2 3
4	1 1	2 1	3 2	4 4	2 4
4	1 1	2 2	3 3	4 5	2 5
4	1 1	2 2	3 3	4 6	2 6
4	1 1	2 2	3 4	4 7	2 7
4	1 1	2 2	3 4	4 8	2 8
4	1 1	2 2	3 4	4 9	2 9
4	1 1	2 3	3 5	4 10	2 10
4	1 1	2 3	3 5	4 11	2 11
4	1 1	2 3	3 6	4 12	2 12
4	1 1	2 3	3 6	4 13	2 13
4	1 1	2 3	3 6	4 14	2 14
3	1 1	2 4	3 7	0 0	1 15
3	1 1	2 4	3 8	0 0	2 15
3	1 1	2 4	3 9	0 0	3 15
3	1 1	2 4	3 10	0 0	4 15
28
4	1 1	2 1	3 1	4 1 	3 1
4	1 1	2 1	3 1	4 2	3 2
4	1 1	2 1	3 2	4 3	3 3
4	1 1	2 1	3 2	4 4	3 4
4	1 1	2 1	3 3	4 5 	4 1
4	1 1	2 1	3 3	4 6	4 2
4	1 1	2 1	3 4	4 7	4 3
4	1 1	2 1	3 4	4 8	4 4
4	1 1	2 2	3 5	4 9	3 5
4	1 1	2 2	3 5	4 10	3 6
4	1 1	2 2	3 6	4 11	3 7
4	1 1	2 2	3 6	4 12	3 8
4	1 1	2 2	3 6	4 13	3 9
4	1 1	2 2	3 7	4 14	4 5
4	1 1	2 2	3 7	4 15	4 6
4	1 1	2 2	3 8	4 16	4 7
4	1 1	2 2	3 8	4 17	4 8
4	1 1	2 2	3 8	4 18	4 9
4	1 1	2 3	3 9	4 19	3 10
4	1 1	2 3	3 9	4 20	3 11
4	1 1	2 3	3 10	4 21	3 12
4	1 1	2 3	3 10	4 22	3 13
4	1 1	2 3	3 10	4 23	3 14
4	1 1	2 3	3 11	4 24	4 10
4	1 1	2 3	3 11	4 25	4 11
4	1 1	2 3	3 12	4 26	4 12
4	1 1	2 3	3 12	4 27	4 13
4	1 1	2 3	3 12	4 28	4 14
***************************************************
*       10. BRAKES
***************************************************
300
13
4	1 1	2 1	3 1	4 1	6 2
4	1 1	2 1	3 1	4 2	6 3
4	1 1	2 1	3 2	4 3	6 4
4	1 1	2 1	3 2	4 4	6 5
4	1 1	2 2	3 3	4 5	6 6
4	1 1	2 2	3 3	4 6	6 7
4	1 1	2 2	3 4	4 7	6 8
4	1 1	2 2	3 4	4 8	6 9		
3	1 1	2 3	3 5	0 0	6 10
3	1 1	2 3	3 6	0 0	6 11
3	1 1	2 3	3 7	0 0	6 12
3	1 1	2 3	3 8	0 0	6 13
3	1 1	2 3	3 9	0 0	6 14
* Brake distribution
0	25	55	70	100
0 	0	0	-4	-6
***************************************************
*       11. Ramification lengths
***************************************************
3	150
4	290	100
3	100
4	160	80
***************************************************
*	12. H V and VH ribs
***************************************************
3
80	150
1	1	0 1	1 1	2.5	0	0	0
2	1	4 1	5 1	2.5	0	0	0
3	1	9 1	10 1	2.5	0	0	0
*****************************************************
*	15. Extrados colors
*****************************************************
3
1	1
1	40.1	0.
2	1
1	20.15	0.
3	1
1	0.0	0.
*****************************************************
*	16. Intrados colors
*****************************************************
1
1	1
1	0.	0.
*****************************************************
*       17. Aditional rib points
*****************************************************
2
8.288	8.087
11.21	-2.113
*****************************************************
*       18. Elastic lines corrections
*****************************************************
100
75	25
40	40	20
35	35	20	10
35	35	15	10	5
1	0.08	0.2	0.2	
2	0.08	0.2	0.2
3	0.08	0.2	0.2
4	0.08	0.2	0.2
5	0.08	0.2	0.2
*******************************************************
*	19. DXF layer names
*******************************************************
0
*******************************************************
*	20. Marks types
*******************************************************
0
*******************************************************
*	21. JONCS DEFINITION (NYLON RODS)
*******************************************************
0
*******************************************************
*	22. NOSE MYLARS DEFINITION
*******************************************************
0
*******************************************************
*	23. TAB REINFORCEMENTS
*******************************************************
0
*******************************************************
*	24. GENERAL 2D DXF OPTIONS
*******************************************************
0
*******************************************************
*	25. GENERAL 3D DXF OPTIONS
*******************************************************
0
*******************************************************
*	26. GLUE VENTS
*******************************************************
0
*******************************************************
*	27. SPECIAL WING TIP
*******************************************************
0
*******************************************************
*	28. PARAMETERS FOR CALAGE VARIATION
*******************************************************
0
*******************************************************
*	29. 3D SHAPING
*******************************************************
0
*******************************************************
*	30. AIRFOIL THICKNESS MODIFICATION
*******************************************************
0
*******************************************************
*	31. NEW SKIN TENSION MODULE
*******************************************************
0
*******************************************************
*	32. PARAMETERS FOR PARTS SEPARATION
*******************************************************
0
*******************************************************
*	33. DETAILED RISERS
*******************************************************
0
*******************************************************
*	34. LINES CHARACTERISTICS TABLE
*******************************************************
0
*******************************************************
*	35. SOLVE EQUILIBRIUM EQUATIONS
*******************************************************
0
*******************************************************
*	36. CREATE FILES FOR XFLR5 ANALYSIS
*******************************************************
0
*******************************************************
*	37. SOME SPECIAL PARAMETERS
*******************************************************
0
