pbhl
83
58
18
9
1.000000	0.000000
0.986486	0.000000
0.972973	0.000000
0.959459	0.000000
0.945946	0.000000
0.932432	0.000000
0.918919	0.000000
0.905405	0.000000
0.891892	0.000000
0.878378	0.000000
0.864865	0.000000
0.851351	0.000000
0.837838	0.000000
0.824324	0.000000
0.810811	0.000000
0.797297	0.000000
0.783784	0.000000
0.770270	0.000000
0.756757	0.000000
0.743243	0.000000
0.729730	0.000000
0.716216	0.000000
0.702703	0.000000
0.689189	0.000000
0.675676	0.000000
0.662162	0.000000
0.648649	0.000000
0.635135	0.000000
0.621622	0.000000
0.608108	0.000000
0.594595	0.000000
0.581081	0.000000
0.567568	0.000000
0.554054	0.000000
0.540541	0.000000
0.527027	0.000000
0.513514	0.000000
0.500000	0.000000
0.486486	0.000000
0.472973	0.000000
0.459459	0.000000
0.445946	0.000000
0.432432	0.000000
0.418919	0.000000
0.405405	0.000000
0.391892	0.000000
0.378378	0.000000
0.364865	0.000000
0.351351	0.000000
0.337838	0.000000
0.324324	0.000000
0.310811	0.000000
0.297297	0.000000
0.283784	0.000000
0.270270	0.000000
0.256757	0.000000
0.243243	0.000000
0.229730	0.000000
0.216216	0.000000
0.202703	0.000000
0.189189	0.000000
0.175676	0.000000
0.162162	0.000000
0.148649	0.000000
0.135135	0.000000
0.121622	0.000000
0.108108	0.000000
0.094595	0.000000
0.081081	0.000000
0.067568	0.000000
0.054054	0.000000
0.040541	0.000000
0.027027	0.000000
0.013514	0.000000
0.000000	0.000000
0.125000	0.000000
0.250000	0.000000
0.375000	0.000000
0.500000	0.000000
0.625000	0.000000
0.750000	0.000000
0.875000	0.000000
1.000000	0.000000
 LEparagliding
 List of lines, human readable
 Ready also to import in .ods or .xls formats

 Line number - Label - Lenght (cm)


 Plan A

  1    1A 1    47.0
  2    2A 1   352.2
  3    2A 2   342.1
  4    2A 3   320.3
  5    3A 1   189.9
  6    3A 2   189.9
  7    3A 3   189.9
  8    3A 4   189.9
  9    3A 5   189.9
 10    3A 6   189.9
 11    4A 1   108.8
 12    4A 2   104.0
 13    4A 3   102.1
 14    4A 4   103.0
 15    4A 5   113.7
 16    4A 6   107.7
 17    4A 7   107.3
 18    4A 8   101.7
 19    4A 9   108.0
 20    4A10   120.8
 21    4A11   111.8
 22    4A12   107.3
 23    4A13    97.6
 24    4A14    95.3

 Plan B

 25    1B 1    47.0
 26    2B 1   391.0
 27    2B 2   376.4
 28    2B 3   341.5
 29    2B 4   432.5
 30    3B 1   189.9
 31    3B 2   189.9
 32    3B 3   189.9
 33    3B 4   189.9
 34    3B 5   189.9
 35    3B 6   189.9
 36    3A15   151.4
 37    3B15   149.7
 38    3C15   151.1
 39    3D15   154.8
 40    4B 1    71.8
 41    4B 2    66.3
 42    4B 3    64.3
 43    4B 4    65.7
 44    4B 5    80.9
 45    4B 6    74.2
 46    4B 7    74.0
 47    4B 8    68.1
 48    4B 9    76.1
 49    4B10    99.9
 50    4B11    90.8
 51    4B12    85.9
 52    4B13    76.0
 53    4B14    73.2

 Plan C

 54    1C 1    47.0
 55    2C 1   380.3
 56    2C 2   367.8
 57    2C 3   337.9
 58    3C 1   189.9
 59    3C 2   189.9
 60    3D 3   190.0
 61    3D 4   190.0
 62    3C 5   189.9
 63    3C 6   189.9
 64    3D 7   190.0
 65    3D 8   190.0
 66    3C 9   190.0
 67    3C10   190.0
 68    3D11   190.0
 69    3D12   190.0
 70    4C 1    78.1
 71    4C 2    73.1
 72    4C 3    71.3
 73    4C 4    72.8
 74    4D 1    87.6
 75    4D 2    82.7
 76    4D 3    80.8
 77    4D 4    81.9
 78    4C 5    86.1
 79    4C 6    79.9
 80    4C 7    79.8
 81    4C 8    74.5
 82    4C 9    82.0
 83    4D 5    94.8
 84    4D 6    88.3
 85    4D 7    88.0
 86    4D 8    81.9
 87    4D 9    88.4
 88    4C10   102.0
 89    4C11    93.6
 90    4C12    88.9
 91    4C13    79.9
 92    4C14    75.9
 93    4D10   107.6
 94    4D11    98.4
 95    4D12    93.1
 96    4D13    83.4
 97    4D14    78.4

 Brake lines

 98    1F 1   300.0
 99    2F 1   223.4
100    2F 2   193.1
101    2F 3   236.1
102    3F 1    80.0
103    3F 2    80.0
104    3F 3    80.0
105    3F 4    80.0
106    3F10   123.3
107    3F11   109.2
108    3F12   104.3
109    3F13   106.2
110    3F14   109.9
111    4F 2   104.5
112    4F 3    88.4
113    4F 4    78.5
114    4F 5    75.9
115    4F 6    97.2
116    4F 7    86.1
117    4F 8    82.3
118    4F 9    82.8
