gnuReflex                                         
 180
 110
   7
  65
 1.000000     0.000000
 0.993538     0.001003
 0.983052     0.002359
 0.971425     0.003599
 0.958609     0.004927
 0.944821     0.006369
 0.930241     0.007826
 0.915007     0.009295
 0.899393     0.010792
 0.883695     0.012327
 0.868094     0.013925
 0.852688     0.015622
 0.837494     0.017465
 0.822421     0.019510
 0.807310     0.021781
 0.792027     0.024280
 0.776476     0.026978
 0.760631     0.029827
 0.744554     0.032770
 0.728363     0.035736
 0.712095     0.038675
 0.695723     0.041590
 0.679265     0.044494
 0.662774     0.047401
 0.646302     0.050323
 0.629877     0.053270
 0.613491     0.056255
 0.597112     0.059290
 0.580697     0.062379
 0.564225     0.065509
 0.547714     0.068664
 0.531225     0.071815
 0.514821     0.074933
 0.498526     0.077997
 0.482349     0.080987
 0.466294     0.083883
 0.450330     0.086669
 0.434399     0.089344
 0.418446     0.091921
 0.402444     0.094421
 0.386429     0.096863
 0.370508     0.099243
 0.354842     0.101531
 0.339545     0.103665
 0.324644     0.105593
 0.310122     0.107276
 0.295946     0.108685
 0.282079     0.109802
 0.268488     0.110614
 0.255151     0.111111
 0.242054     0.111286
 0.229183     0.111131
 0.216528     0.110642
 0.204087     0.109813
 0.191859     0.108643
 0.179841     0.107129
 0.168039     0.105279
 0.156476     0.103099
 0.145179     0.100597
 0.134173     0.097786
 0.123489     0.094683
 0.113167     0.091313
 0.103261     0.087713
 0.093825     0.083910
 0.084887     0.079930
 0.076471     0.075823
 0.068606     0.071644
 0.061313     0.067457
 0.054603     0.063321
 0.048468     0.059291
 0.042889     0.055413
 0.037841     0.051723
 0.033296     0.048221
 0.029217     0.044891
 0.025558     0.041714
 0.022276     0.038678
 0.019327     0.035771
 0.016679     0.032985
 0.014305     0.030302
 0.012177     0.027715
 0.010267     0.025220
 0.008552     0.022813
 0.007013     0.020490
 0.005633     0.018245
 0.004398     0.016076
 0.003312     0.013970
 0.002378     0.011918
 0.001597     0.009913
 0.000967     0.007950
 0.000498     0.006032
 0.000186     0.004162
 0.000017     0.002335
 0.000000     0.000536
 0.000170    -0.001261
 0.000523    -0.003090
 0.001029    -0.004956
 0.001692    -0.006841
 0.002529    -0.008735
 0.003555    -0.010626
 0.004780    -0.012505
 0.006210    -0.014362
 0.007845    -0.016196
 0.009682    -0.018017
 0.011726    -0.019829
 0.013991    -0.021631
 0.016477    -0.023453
 0.019180    -0.025326
 0.022129    -0.027234
 0.025371    -0.029153
 0.030000    -0.031639
 0.032868    -0.033101
 0.037186    -0.035154
 0.041949    -0.037262
 0.047209    -0.039428
 0.053008    -0.041622
 0.060000    -0.043936
 0.066642    -0.045932
 0.074561    -0.048178
 0.083116    -0.050385
 0.092364    -0.052449
 0.102487    -0.054391
 0.113519    -0.056257
 0.125332    -0.058021
 0.137824    -0.059655
 0.150923    -0.061135
 0.164543    -0.062442
 0.178620    -0.063567
 0.193124    -0.064517
 0.208015    -0.065308
 0.223247    -0.065953
 0.238812    -0.066467
 0.254714    -0.066880
 0.270923    -0.067228
 0.287356    -0.067546
 0.303884    -0.067859
 0.320380    -0.068180
 0.336750    -0.068483
 0.352951    -0.068723
 0.368979    -0.068870
 0.384842    -0.068900
 0.400575    -0.068792
 0.416242    -0.068530
 0.431912    -0.068113
 0.447644    -0.067549
 0.463461    -0.066854
 0.479357    -0.066040
 0.495326    -0.065116
 0.511369    -0.064087
 0.527486    -0.062962
 0.543673    -0.061748
 0.559918    -0.060455
 0.576216    -0.059086
 0.592569    -0.057649
 0.608959    -0.056157
 0.625340    -0.054616
 0.641680    -0.053023
 0.657969    -0.051369
 0.674220    -0.049648
 0.690443    -0.047857
 0.706613    -0.046000
 0.722724    -0.044063
 0.738818    -0.042036
 0.754919    -0.039924
 0.771010    -0.037735
 0.787077    -0.035465
 0.803125    -0.033111
 0.819183    -0.030667
 0.835268    -0.028139
 0.851357    -0.025542
 0.867423    -0.022881
 0.883466    -0.020162
 0.899420    -0.017422
 0.915119    -0.014699
 0.930386    -0.012018
 0.945040    -0.009433
 0.958830    -0.007006
 0.971525    -0.004711
 0.983045    -0.002611
 0.993514    -0.000905
 1.000000     0.000000
