**************************************************************
 * LABORATORI D'ENVOL PARAGLIDING DESIGN                      *
 * Input data file                                            *
 **************************************************************
 *
 **************************************************************
 *             1. GEOMETRY                                    *
 **************************************************************
 * Brand name
 "LABORATORI"
 * Wing name
 "BHL-S"
 * Drawing scale
 1.
 * Wing scale 
 1.
 * Number of cells
     23
 * Number of ribs
     24
 * Alpha max and parameter 
     10.0    1
 * Paraglider type and parameter
   "ss"     1
 * Rib geometric parameters
 * Rib    x-rib    y-LE    y-TE    xp    z    beta    RP    Washin
 1     24.39       .21    270.48     24.38       .51      2.32     33.33       .00
 2     72.84      1.85    269.54     72.66      4.52      7.14     33.33       .00
 3    120.68      5.13    267.66    119.83     12.38     11.77     33.33       .00
 4    167.58     10.04    264.87    165.31     23.79     16.40     33.33       .00
 5    213.24     16.68    261.16    208.49     38.57     21.90     33.33       .00
 6    257.12     26.83    256.60    248.26     57.05     27.92     33.33       .00
 7    298.67     40.78    251.32    283.92     78.35     33.73     33.33       .00
 8    337.47     58.01    245.74    315.12    101.39     39.10     33.33       .00
 9    373.15     77.95    239.90    341.18    125.71     47.35     33.33       .00
 10    405.42    100.05    233.79    361.43    150.81     54.97     33.33       .00
 11    434.04    123.89    227.44    375.30    175.71     72.29     33.33       .00
 12    458.81    149.25    220.93    377.35    202.06    -82.97     33.33       .00
 **************************************************************
 *             2. AIRFOILS                                *
 **************************************************************
 * Airfoil name, intake in, intake out, open , disp. rrw
 1    bhl.txt    2.224    10    1    0    1    1    
 2    bhl.txt    2.224    10    1    0    1    1
 3    bhl.txt    2.224    10    1    0    1    1
 4    bhl.txt    2.224    10    1    0    1    1
 5    bhl.txt    2.224    10    1    0    1    1
 6    bhl.txt    2.224    10    1    0    1    1
 7    bhl.txt    2.224    10    1    0    1    1
 8    bhl.txt    2.224    10    1    0    1    1
 9    bhl.txt    2.224    10    1    0    1    1
 10    bhl.txt    2.224    10    1    0    1    1
 11    bhl.txt    2.224    10    1    0    1    1
 12    pbhl.txt 2.224    10    1    0    1    1
 *************************************************************
 *            3. ANCHOR POINTS                               *
 *************************************************************
 * Airf    Anch    A    B    C    D    E    F
 1    4    10.    30.35    51.32    75.28    0    100
 2    4    10.    30.35    51.32    75.28    0    100
 3    4    10.    30.35    51.32    75.28    0    100
 4    4    10.    30.35    51.32    75.28    0    100
 5    4    10.    30.35    51.32    75.28    0    100
 6    4    10.    30.35    51.32    75.28    0    100
 7    4    10.    30.35    51.32    75.28    0    100
 8    4    10.    30.35    51.32    75.28    0    100
 9    4    10.    30.35    51.32    75.28    0    100
 10    4    10.    30.35    51.32    75.28    0    100
 11    4    10.    30.35    51.32    75.28    0    100
 12    4    0.    33    66    95    0    100
 *************************************************************
 *          4. AIRFOIL HOLES                                 *
 *************************************************************
 1 
 1    
 14     
 1    
 1 8.59    1.92    3. 3.    0. 0. 0.
 *************************************************************
 *           5. SKIN TENSION                                 *
 *************************************************************
 Extrados
 0.        0.    0.        0.
 7.5        1.3    10.        1.33
 15.        2.5    20.        2.5
 80.        2.5    80.        2.5
 90.        1.33    90.        1.33
 100.        0.0    100.        0.
 0.0114
 16    0.9
 *************************************************************
 *           6. SEWING ALLOWANCES                            *
 *************************************************************
 15    25    25    upper panels (mm)
 15    25    25    lower panels (mm)
 15    ribs (mm)
 15    vribs (mm)
 *************************************************************
 *           7. MARKS
 *************************************************************
 25.    0.5    0.15
 ************************************************************
 *           8. Global angle of attack estimation           *
 *************************************************************
 * Finesse GR
     5.0
 * Center of pressure % of chord
     43
 * Calage %
     44
 * Risers lenght cm
     47
 * Line lenght cm
     512
 * Karabiners cm
     40
 ***************************************************
 *          9. SUSPENSION LINES DESCRIPTION
 ***************************************************
 0
 4
 10
 3    1 1    2 1    3 1    0 0     1 1
 3    1 1    2 1    3 2    0 0     1 2
 3    1 1    2 1    3 3    0 0     1 3
 3    1 1    2 2    3 4    0 0     1 4
 3    1 1    2 2    3 5    0 0     1 5
 3    1 1    2 2    3 6    0 0     1 6
 3    1 1    2 3    3 7    0 0     1 7
 3    1 1    2 3    3 8    0 0     1 8
 3    1 1    2 3    3 9    0 0     1 9
 3    1 1    2 3    3 10    0 0     1 10
 14
 3    1 1    2 1    3 1    0 0     2 1
 3    1 1    2 1    3 2    0 0     2 2
 3    1 1    2 1    3 3    0 0     2 3
 3    1 1    2 2    3 4    0 0     2 4
 3    1 1    2 2    3 5    0 0     2 5
 3    1 1    2 2    3 6    0 0     2 6
 3    1 1    2 3    3 7    0 0     2 7
 3    1 1    2 3    3 8    0 0     2 8
 3    1 1    2 3    3 9    0 0     2 9
 3    1 1    2 3    3 10    0 0     2 10
 3    1 1    2 4    3 11    0 0    1 12
 3    1 1    2 4    3 12    0 0    2 12
 3    1 1    2 4    3 13    0 0    3 12
 3    1 1    2 4    3 14    0 0    4 12
 14
 3    1 1    2 1    3 1    0 0     3 1
 3    1 1    2 1    3 2    0 0     3 2
 3    1 1    2 1    3 3    0 0     3 3
 3    1 1    2 2    3 4    0 0     3 4
 3    1 1    2 2    3 5    0 0     3 5
 3    1 1    2 2    3 6    0 0     3 6
 3    1 1    2 3    3 7    0 0     3 7
 3    1 1    2 3    3 8    0 0     3 8
 3    1 1    2 3    3 9    0 0     3 9
 3    1 1    2 3    3 10    0 0     3 10
 3    1 1    2 3    3 11    0 0     4 7
 3    1 1    2 3    3 12    0 0     4 8
 3    1 1    2 3    3 13    0 0     4 9
 3    1 1    2 3    3 14    0 0     4 10
 6
 3    1 1    2 1    3 1    0 0     4 1
 3    1 1    2 1    3 2    0 0     4 2
 3    1 1    2 1    3 3    0 0     4 3
 3    1 1    2 2    3 4    0 0     4 4
 3    1 1    2 2    3 5    0 0     4 5
 3    1 1    2 2    3 6    0 0     4 6
 ***************************************************
 *       10. BRAKES
 ***************************************************
 230
 11
 3    1 1    2 1    3 1    0 0     6 1
 3    1 1    2 1    3 2    0 0     6 2
 3    1 1    2 1    3 3    0 0     6 3
 3    1 1    2 2    3 4    0 0     6 4
 3    1 1    2 2    3 5    0 0     6 5
 3    1 1    2 2    3 6    0 0     6 6
 3    1 1    2 2    3 7    0 0     6 7
 3    1 1    2 3    3 8    0 0     6 8
 3    1 1    2 3    3 9    0 0     6 9
 3    1 1    2 3    3 10    0 0     6 10
 3    1 1    2 3    3 11    0 0     6 11
 * Brake distribution
 0    25    55    70    100
 0     0    0    0    0
 ***************************************************
 *       11. Ramification lengths
 ***************************************************
 3    150
 4    270    120
 3    100
 4    180    80
 ***************************************************
 *    12. H V and VH ribs
 ***************************************************
 3
 80    150
 1    1    0 1    1 1    2.5    0    0    0
 2    1    3 1    4 1    2.5    0    0    0
 3    1    6 1    7 1    2.5    0    0    0
 *****************************************************
 *    15. Extrados colors
 *****************************************************
 3
 1    1
 1    40.1    0.
 2    1
 1    20.15    0.
 3    1
 1    0.0    0.
 *****************************************************
 *    16. Intrados colors
 *****************************************************
 1
 1    1
 1    0.    0.
 *****************************************************
 *       17. Aditional rib points
 *****************************************************
 2
 8.288    8.087
 11.21    -2.113
 *****************************************************
 *       18. Elastic lines corrections
 *****************************************************
 100
 75    25
 40    40    20
 35    35    20    10
 35    35    15    10    5
 1    0.08    0.2    0.2    
 2    0.08    0.2    0.2
 3    0.08    0.2    0.2
 4    0.08    0.2    0.2
 5    0.08    0.2    0.2
*******************************************************
*	19. DXF layer names
*******************************************************
0
*******************************************************
*	20. Marks types
*******************************************************
0
*******************************************************
*	21. JONCS DEFINITION (NYLON RODS)
*******************************************************
0
*******************************************************
*	22. NOSE MYLARS DEFINITION
*******************************************************
0
*******************************************************
*	23. TAB REINFORCEMENTS
*******************************************************
0
*******************************************************
*	24. GENERAL 2D DXF OPTIONS
*******************************************************
0
*******************************************************
*	25. GENERAL 3D DXF OPTIONS
*******************************************************
0
*******************************************************
*	26. GLUE VENTS
*******************************************************
0
*******************************************************
*	27. SPECIAL WING TIP
*******************************************************
0
*******************************************************
*	28. PARAMETERS FOR CALAGE VARIATION
*******************************************************
0
*******************************************************
*	29. 3D SHAPING
*******************************************************
0
*******************************************************
*	30. AIRFOIL THICKNESS MODIFICATION
*******************************************************
0
*******************************************************
*	31. NEW SKIN TENSION MODULE
*******************************************************
0
*******************************************************
*	32. PARAMETERS FOR PARTS SEPARATION
*******************************************************
0
*******************************************************
*	33. DETAILED RISERS
*******************************************************
0
*******************************************************
*	34. LINES CHARACTERISTICS TABLE
*******************************************************
0
*******************************************************
*	35. SOLVE EQUILIBRIUM EQUATIONS
*******************************************************
0
*******************************************************
*	36. CREATE FILES FOR XFLR5 ANALYSIS
*******************************************************
0
*******************************************************
*	37. SOME SPECIAL PARAMETERS
*******************************************************
0
