gnuReflex_candidate1                              
 100
  59
   7
  36
 1.000000     0.000000
 0.988150     0.001740
 0.968080     0.003940
 0.944810     0.006370
 0.918400     0.008970
 0.890150     0.011690
 0.861900     0.014590
 0.834520     0.017850
 0.807760     0.021710
 0.780830     0.026210
 0.753110     0.031200
 0.724380     0.036460
 0.694930     0.041730
 0.665270     0.046960
 0.635700     0.052220
 0.606250     0.057590
 0.576730     0.063130
 0.547050     0.068790
 0.517370     0.074450
 0.488050     0.079940
 0.459220     0.085130
 0.430580     0.089970
 0.401670     0.094540
 0.372550     0.098940
 0.343980     0.103060
 0.316630     0.106550
 0.290600     0.109150
 0.265600     0.110750
 0.241430     0.111290
 0.217980     0.110720
 0.195250     0.109010
 0.173260     0.106150
 0.152040     0.102170
 0.131730     0.097120
 0.112660     0.091150
 0.095170     0.084490
 0.079360     0.077290
 0.065120     0.069700
 0.052550     0.062020
 0.041960     0.054770
 0.033340     0.048280
 0.026320     0.042420
 0.020500     0.036980
 0.015570     0.031790
 0.011430     0.026800
 0.008030     0.022090
 0.005300     0.017730
 0.003180     0.013760
 0.001630     0.010090
 0.000600     0.006640
 0.000060     0.003310
 0.000000     0.000000
 0.000550    -0.003330
 0.001630    -0.006760
 0.003310    -0.010260
 0.005660    -0.013720
 0.008720    -0.017120
 0.012500    -0.020490
 0.016000    -0.023133
 0.022270    -0.027340
 0.028570    -0.030920
 0.036130    -0.034680
 0.045270    -0.038660
 0.056270    -0.042760
 0.063000    -0.044862
 0.084570    -0.050740
 0.102390    -0.054380
 0.122890    -0.057680
 0.145730    -0.060580
 0.170270    -0.062930
 0.195890    -0.064680
 0.222550    -0.065930
 0.250450    -0.066780
 0.279590    -0.067400
 0.309520    -0.067970
 0.339400    -0.068530
 0.368630    -0.068870
 0.397160    -0.068830
 0.425280    -0.068310
 0.453430    -0.067310
 0.481920    -0.065900
 0.510890    -0.064120
 0.540280    -0.062010
 0.569960    -0.059620
 0.599770    -0.057000
 0.629570    -0.054210
 0.659220    -0.051240
 0.688640    -0.048060
 0.717840    -0.044660
 0.746870    -0.040990
 0.775850    -0.037060
 0.804870    -0.032850
 0.834070    -0.028330
 0.863540    -0.023530
 0.892930    -0.018540
 0.921000    -0.013670
 0.946420    -0.009190
 0.968760    -0.005220
 0.988290    -0.001720
 1.000000     0.000000
