bhlnm-4pmod
 153
  57
  19
  79
 1.000000     0.000000
 0.992800     0.001570
 0.979890     0.004390
 0.963520     0.007910
 0.944550     0.011920
 0.923500     0.016300
 0.900750     0.020970
 0.876580     0.025830
 0.851230     0.030840
 0.824890     0.035940
 0.797740     0.041080
 0.769910     0.046250
 0.741540     0.051390
 0.712750     0.056480
 0.683650     0.061490
 0.654340     0.066380
 0.624920     0.071140
 0.595470     0.075720
 0.566070     0.080140
 0.536800     0.084330
 0.507740     0.088270
 0.478950     0.091970
 0.450500     0.095390
 0.422460     0.098500
 0.394880     0.101280
 0.367820     0.103730
 0.341350     0.105840
 0.315510     0.107550
 0.290350     0.108900
 0.265940     0.109840
 0.242310     0.110350
 0.219510     0.110240
 0.197600     0.109260
 0.176610     0.107260
 0.156600     0.104290
 0.137600     0.100370
 0.119650     0.095580
 0.102800     0.089970
 0.087090     0.083650
 0.072560     0.076700
 0.059240     0.069250
 0.047170     0.061400
 0.036390     0.053270
 0.026940     0.045010
 0.018850     0.036770
 0.012150     0.028640
 0.006880     0.020880
 0.003080     0.013300
 0.000780     0.006490
 0.000000     0.000000
 0.000551    -0.004665
 0.002113    -0.009098
 0.004476    -0.013165
 0.007427    -0.016829
 0.010799    -0.020113
 0.016000    -0.024095
 0.018366    -0.025701
 0.022440    -0.028087
 0.026618    -0.030229
 0.030908    -0.032168
 0.035278    -0.033920
 0.039713    -0.035502
 0.044330    -0.036761
 0.048818    -0.037767
 0.053506    -0.038552
 0.058131    -0.039065
 0.063000    -0.039324
 0.067468    -0.039324
 0.071826    -0.039098
 0.076501    -0.038600
 0.081188    -0.037836
 0.086030    -0.036759
 0.091170    -0.035283
 0.096312    -0.033445
 0.100000    -0.031890
 0.104595    -0.020154
 0.108300    -0.010000
 0.113087     0.000000
 0.117763     0.010127
 0.122560     0.019924
 0.127495     0.029344
 0.133060     0.039125
 0.139974     0.049749
 0.147040     0.059538
 0.155999     0.069980
 0.166829     0.079768
 0.177413     0.086514
 0.186972     0.090164
 0.199894     0.091648
 0.210181     0.090064
 0.219712     0.086475
 0.230495     0.080021
 0.243079     0.069301
 0.251355     0.060445
 0.259421     0.050518
 0.267101     0.039897
 0.273521     0.030126
 0.279875     0.019643
 0.285377     0.009941
 0.290414     0.000577
 0.295976    -0.010304
 0.300962    -0.020543
 0.303449    -0.025823
 0.308644    -0.014931
 0.315309    -0.002421
 0.322457     0.011068
 0.331804     0.026432
 0.340167     0.038616
 0.349907     0.050975
 0.360935     0.062700
 0.373903     0.072728
 0.389942     0.080587
 0.402831     0.082975
 0.418758     0.080906
 0.436290     0.072961
 0.448554     0.063866
 0.459816     0.052441
 0.466854     0.043830
 0.477344     0.029454
 0.484908     0.017706
 0.493630     0.001330
 0.501474    -0.013620
 0.513201    -0.037046
 0.529279    -0.017270
 0.542228    -0.002969
 0.556711     0.011235
 0.568174     0.020941
 0.582735     0.031653
 0.595867     0.039283
 0.610463     0.045231
 0.630941     0.049764
 0.649004     0.049552
 0.663537     0.046066
 0.685430     0.034074
 0.704815     0.018801
 0.721638    -0.000766
 0.735635    -0.021146
 0.743841    -0.034896
 0.752782    -0.051609
 0.764902    -0.043904
 0.792529    -0.028714
 0.821342    -0.016236
 0.850796    -0.006878
 0.869462    -0.002357
 0.889668     0.001117
 0.905784     0.002984
 0.927838     0.004444
 0.943027     0.004585
 0.957980     0.004012
 0.971043     0.003340
 0.983588     0.002131
 0.992565     0.001040
 1.000000     0.000000
