**************************************************************
* LABORATORI D'ENVOL PARAGLIDING DESIGN                      *
* Input data file (leparagliding 3.11)                       *
**************************************************************
* Date: 2020-11-24
**************************************************************
*             1. GEOMETRY                                    *
**************************************************************
* Brand name
"Laboratori d'envol"
* Wing name
"BHL5-24"
* Drawing scale
1.0
* Wing scale 
1.022071733
* Number of cells
	39
* Number of ribs
	40
*  Alpha wingtip, parameter, (alpha center) 
    10.0	0        0.0
* Paraglider type and parameter
  "ss" 1
* Rib geometric parameters
* Rib	x-rib	y-LE	y-TE	xp	z	beta	RP	Washin
1     18.16       .09    254.45     18.16       .24      1.51     33.33       .00
 2     54.39       .78    254.14     54.33      2.13      4.52     33.33       .00
 3     90.42      2.16    253.53     90.16      5.88      7.40     33.33       .00
 4    126.14      4.22    252.62    125.45     11.42     10.41     33.33       .00
 5    161.48      6.97    251.40    160.03     18.68     13.29     33.33       .00
 6    196.32     10.39    249.90    193.67     27.72     17.02     33.33       .00
 7    230.57     14.49    248.11    226.06     38.84     20.95     33.33       .00
 8    264.14     19.26    246.04    256.98     51.87     24.89     33.33       .00
 9    296.92     24.71    243.69    286.27     66.60     28.62     33.33       .00
10    328.82     31.04    241.09    313.78     82.74     32.35     33.33       0.50
11    359.67     38.68    238.24    339.31    100.04     36.38     33.33       1.00
12    389.32     47.57    235.17    362.37    118.66     41.42     33.33       2.00
13    417.64     57.59    231.90    382.76    138.31     46.47     33.33       3.00
14    444.52     68.65    228.47    400.49    158.50     51.07     33.33       4.00
15    469.84     80.64    224.89    415.63    178.78     55.46     33.33       5.00
16    493.51     93.46    221.19    428.27    198.79     60.11     33.33       6.00
17    515.44    107.04    217.33    438.43    218.21     64.71     33.33       7.00
18    535.54    121.30    213.36    446.37    236.68     68.88     33.33       8.00
19    553.75    136.24    209.37    452.38    253.86     72.65     33.33       9.00
20    570.00    151.96    205.46    457.92    274.17     75.99     33.33       10.00
**************************************************************
*             2. AIRFOILS       	                     *
**************************************************************
* Airfoil name, intake in, intake out, open, disp, rrw 	
1	bhl-5p.txt	2.244	10.0	1	0	1	1
2	bhl-5p.txt	2.244	10.0	1	0	1	1
3	bhl-5p.txt	2.244	10.0	1	0	1	1
4	bhl-5p.txt	2.244	10.0	1	0	1	1
5	bhl-5p.txt	2.244	10.0	1	0	1	1
6	bhl-5p.txt	2.244	10.0	1	0	1	1
7	bhl-5p.txt	2.244	10.0	1	0	1	1
8	bhl-5p.txt	2.244	10.0	1	0	1	1
9	bhl-5p.txt	2.244	10.0	1	0	1	1
10	bhl-5p.txt	2.244	10.0	1	0	1	1
11	bhl-5p.txt	2.244	10.0	1	0	1	1
12	bhl-5p.txt	2.244	10.0	1	0	1	1
13	bhl-4p.txt	2.244	10.0	1	0	1	1
14	bhl-4p.txt	2.244	10.0	1	0	1	1
15	bhl-4p.txt	2.244	10.0	1	0	1	1
16	bhl-3p.txt	2.244	10.0	1	0	1	1
17	bhl-3p.txt	2.244	10.0	1	0	1	1
18	bhl-tube.txt	2.244	10.0	1	0	1	0
19	bhl-tube.txt	2.244	10.0	1	0	1	0
20	bhl-tube.txt	2.244	10.0	1	0	1	0
*************************************************************
*            3. ANCHOR POINTS                               *
*************************************************************
* Airf	Anch	A	B	C	D	E	   F
1	5	10.	30.35	49.29	67.54	85.00     100
2	5	10.	30.35	49.29	67.54	85.00     100
3	5	10.	30.35	49.29	67.54	85.00     100
4	5	10.	30.35	49.29	67.54	85.00     100
5	5	10.	30.35	49.29	67.54	85.00     100
6	5	10.	30.35	49.29	67.54	85.00     100
7	5	10.	30.35	49.29	67.54	85.00     100
8	5	10.	30.35	49.29	67.54	85.00     100
9	5	10.	30.35	49.29	67.54	85.00     100
10	5	10.	30.35	49.29	67.54	85.00     100
11	5	10.	30.35	49.29	67.54	85.00     100
12	5	10.	30.35	49.29	67.54	85.00     100
13	4	10.	30.35	51.32	75.28	0.0       100
14	4	10.	30.35	51.32	75.28	0.0       100
15	4	10.	30.35	51.32	75.28	0.0       100
16	3	10.	41.12	78.09    0.0	0	  100
17	3	10.	41.12	78.09	 0.0	0	  100
18	3	10.	41.12	78.09	 0.0	0         100
19	0	10.	41.12	78.09	 0.0	0	  100
20	4	5.	33	66	95	0	  100
*************************************************************
*          4. AIRFOIL HOLES                                 *
*************************************************************
1 
19	
19 	
6
1  5.6772  1.2020  2.55 2.55 0. 0. 0.
1  19.1340 3.1953  5.17 5.17 0. 0. 0.
1  34.9116 3.7191  4.30 4.30 0. 0. 0.
1  48.5396 3.2010  3.38 3.38 0. 0. 0.
1  60.3734 2.6921  2.45 2.45 0. 0. 0.
1  71.3037 2.2690  1.75 1.75 0. 0. 0.
*************************************************************
*           5. SKIN TENSION                                 *
*************************************************************
Extrados        Intrados
0.		0.	0.		0.
7.5		1.3	10.		1.33
15.		2.8	20.		2.8
80.		2.8	80.		2.8
90.		1.33	90.		1.33
100.		0.0	100.		0.
0.0001
1000	1.0
*************************************************************
*           6. SEWING ALLOWANCES                            *
*************************************************************
15	25	25	upper panels (mm)
15	25	25	lower panels (mm)
15	ribs (mm)
15	vribs (mm)
*************************************************************
*           7. MARKS
*************************************************************
25	0.03	0.135
************************************************************
*           8. Global angle of attack estimation           *
*************************************************************
* Finesse GR
	8.5
* Center of pressure % of chord
	40
* Calage %
	30
* Risers lenght cm
	47
* Line lenght cm
	655
* Karabiners cm
	40
***************************************************
*          9. SUSPENSION LINES DESCRIPTION
***************************************************
0
4
18
4	1 1	2 1	3 1	4 1 	1 1
4	1 1	2 1	3 1	4 2	1 2
4	1 1	2 1	3 1	4 3	1 3
4	1 1	2 1	3 2	4 4	1 4
4	1 1	2 1	3 2	4 5	1 5
4	1 1	2 1	3 2	4 6	1 6
4	1 1	2 2	3 4	4 7	1 7
4	1 1	2 2	3 4	4 8	1 8
4	1 1	2 2	3 4	4 9	1 9
4	1 1	2 2	3 5	4 10	1 10
4	1 1	2 2	3 5	4 11	1 11
4	1 1	2 2	3 5	4 12	1 12
4	1 1	2 3	3 6	4 13	1 13
4	1 1	2 3	3 6	4 14	1 14
4	1 1	2 3	3 6	4 15	1 15
4	1 1	2 3	3 7	4 16	1 16
4	1 1	2 3	3 7	4 17	1 17
4	1 1	2 3	3 7	4 18	1 18
22
4	1 1	2 1	3 1	4 1 	2 1
4	1 1	2 1	3 1	4 2	2 2
4	1 1	2 1	3 1	4 3	2 3
4	1 1	2 1	3 2	4 4	2 4
4	1 1	2 1	3 2	4 5	2 5
4	1 1	2 1	3 2	4 6	2 6
4	1 1	2 2	3 3	4 7	2 7
4	1 1	2 2	3 3	4 8	2 8
4	1 1	2 2	3 3	4 9	2 9
4	1 1	2 2	3 4	4 10	2 10
4	1 1	2 2	3 4	4 11	2 11
4	1 1	2 2	3 4	4 12	2 12
4	1 1	2 3	3 5	4 13	2 13
4	1 1	2 3	3 5	4 14	2 14
4	1 1	2 3	3 5	4 15	2 15
4	1 1	2 3	3 6	4 16	2 16
4	1 1	2 3	3 6	4 17	2 17
4	1 1	2 3	3 6	4 18	2 18
3	1 1	2 4	3 7	0 0	1 20
3	1 1	2 4	3 8	0 0	2 20
3	1 1	2 4	3 9	0 0	3 20
3	1 1	2 4	3 10	0 0	4 20
21
4	1 1	2 1	3 1	4 1 	3 1
4	1 1	2 1	3 1	4 2	3 2
4	1 1	2 1	3 1	4 3	3 3
4	1 1	2 1	3 2	4 4	3 4
4	1 1	2 1	3 2	4 5	3 5
4	1 1	2 1	3 2	4 6	3 6
4	1 1	2 2	3 4	4 7	3 7
4	1 1	2 2	3 4	4 8	3 8
4	1 1	2 2	3 4	4 9	3 9
4	1 1	2 2	3 5	4 10	3 10
4	1 1	2 2	3 5	4 11	3 11
4	1 1	2 2	3 5	4 12	3 12
4	1 1	2 3	3 6	4 13	3 13
4	1 1	2 3	3 6	4 14	3 14
4	1 1	2 3	3 6	4 15	3 15
4	1 1	2 3	3 7	4 16	4 13
4	1 1	2 3	3 7	4 17	4 14
4	1 1	2 3	3 7	4 18	4 15
4	1 1	2 3	3 8	4 19	3 16
4	1 1	2 3	3 8	4 20	3 17
4	1 1	2 3	3 8	4 21	3 18
24
4	1 1	2 1	3 1	4 1	4 1
4	1 1	2 1	3 1	4 2	4 2
4	1 1	2 1	3 1	4 3	4 3
4	1 1	2 1	3 1	4 4	5 1
4	1 1	2 1	3 1	4 5	5 2
4	1 1	2 1	3 1	4 6	5 3
4	1 1	2 1	3 2	4 7	4 4
4	1 1	2 1	3 2	4 8	4 5
4	1 1	2 1	3 2	4 9	4 6
4	1 1	2 1	3 2	4 10	5 4
4	1 1	2 1	3 2	4 11	5 5
4	1 1	2 1	3 2	4 12	5 6
4	1 1	2 2	3 3	4 13	4 7
4	1 1	2 2	3 3	4 14	4 8
4	1 1	2 2	3 3	4 15	4 9
4	1 1	2 2	3 3	4 16	5 7
4	1 1	2 2	3 3	4 17	5 8
4	1 1	2 2	3 3	4 18	5 9
4	1 1	2 2	3 4	4 19	4 10
4	1 1	2 2	3 4	4 20	4 11
4	1 1	2 2	3 4	4 21	4 12
4	1 1	2 2	3 4	4 22	5 10
4	1 1	2 2	3 4	4 23	5 11
4	1 1	2 2	3 4	4 24	5 12
***************************************************
*       10. BRAKES
***************************************************
230
9
3	1 1	2 1	3 1	0 0	6 2
3	1 1	2 1	3 2	0 0	6 4
3	1 1	2 1	3 3	0 0	6 6
3	1 1	2 2	3 4	0 0	6 8
3	1 1	2 2	3 5	0 0	6 10
3	1 1	2 2	3 6	0 0	6 12
3	1 1	2 3	3 7	0 0	6 14
3	1 1	2 3	3 8	0 0	6 16.5
3	1 1	2 3	3 9	0 0	6 19
* Brake distribution
0	25	55	70	100
0 	0	0	0	0
***************************************************
*       11. Ramification lengths
***************************************************
3	150
4	250	100
3	160
4	250	100
***************************************************
*	12. H V and VH ribs
***************************************************
6
80	150
1	1	0 1	1 1	2.5	0	0	0
2	1	3 1	4 1	2.5	0	0	0
3	1	6 1	7 1	2.5	0	0	0
4	1	9 1	10 1	2.5	0	0	0
5	1	12 1	13 1	2.5	0	0	0
6	1	15 1	16 1	2.5	0	0	0
*****************************************************
*	15. Extrados colors
*****************************************************
3
1	1
1	40.1	0.
2	1
1	20.15	0.
3	1
1	0.0	0.
*****************************************************
*	16. Intrados colors
*****************************************************
1
1	1
1	0.	0.
*****************************************************
*       17. Aditional rib points
*****************************************************
0
*****************************************************
*       18. Elastic lines corrections
*****************************************************
180
75	25
40	40	20
35	35	20	10
35	35	15	10	5
1	0.08	0.2	0.2	
2	0.08	0.2	0.2
3	0.08	0.2	0.2
4	0.08	0.2	0.2
5	0.08	0.2	0.2
******************************************************
*       19. DXF layer names
******************************************************
10
general         default
line-external	cutexternal
line-sewing     cutinternal
points		points
circles		circles
triangles       triangle
square          square
text		text
reference       refer
notes           notes
******************************************************
*       20. Marks types
******************************************************
10
typepoint   1  2.5   1.2     2  0.2  1.2
typepoint2  1  2.5   1.2     2  0.2  1.2
typepoint3  1  2.5   1.2     2  0.2  1.2
typevent    1  0.    0.0     1  10.  2.0
typetab     1  0.    0.0     3  2.0  1.0
typejonc    1  0.    0.0     2  2.0  0.0
typeref     1  5.    1.      1  2.0  0.0
type8       1  0.25  1.2     2  0.2  1.2
type9       1  0.25  1.2     2  0.2  1.2
type10      1  0.25  1.2     2  0.2  1.2
*******************************************************
*       21. JONCS DEFINITION (NYLON RODS)
*******************************************************
1
2
1 1 17
5.5  10.    1.5   2.0
5.   11.    2.2   2.0
0.0  9.35   6.3  9.35
2   18 20
5.   9.    2.5  2.0
5.   12    3.   2.0
0.0  9.35  6.3 9.35
*******************************************************
*       22. NOSE MYLARS DEFINITION
*******************************************************
0
*******************************************************
*       23. TAB REINFORCEMENTS
*******************************************************
0
*******************************************************
*       24. GENERAL 2D DXF OPTIONS
*******************************************************
1
A_lines_color	1     red
B_lines_color	30    orange
C_lines_color	3     green
D_lines_color	4     cyan
E_lines_color   6     magenta
F_lines_color	5     blue
*******************************************************
*       25. GENERAL 3D DXF OPTIONS
*******************************************************
1
A_lines_color	1     red
B_lines_color	8     grey
C_lines_color	8     grey
D_lines_color	8     grey
E_lines_color   8     grey
F_lines_color	30    orange
Extrados	1	5       blue
Vents		1	1       red
Intrados	0	3	green
*******************************************************
*       26. GLUE VENTS
*******************************************************
1
1	1
2	1
3	1
4	1
5	1
6	1
7	1
8	1
9	1
10	1
11	1
12	1
13	1
14	1
15	1
16	1
17	1
18	1
19	1
20	1
*******************************************************
*       27. SPECIAL WING TIP
*******************************************************
0
*******************************************************
*       28. PARAMETERS FOR CALAGE VARIATION
*******************************************************
1
3
10. 30.35  60  0  0  0
-3.0 3 5.0 10
*******************************************************
*       29. 3D SHAPING
*******************************************************
1
1
groups 	1
group   1       1       20
upper	0	1
lower	0	1
* Print parameters
Inter3D 1	1	10	1
Ovali3D 1	1	14	0
tesse3D 0	1	14	0
exteDXF 0	1	14	0
exteSTL 0	1	14	0
*******************************************************
*       30. AIRFOIL THICKNESS MODIFICATION
*******************************************************
1
1	0.8
2	0.8
3	0.8
4	0.8
5	0.825
6	0.85
7	0.875
8	0.9
9	0.9
10	0.9
11	0.9
12	0.9
13	0.9
14	0.9
15	0.9
16	0.9
17	1.0
18	1.0
19	1.0
20	0.0
*******************************************************
*       31. NEW SKIN TENSION MODULE
*******************************************************
1
1
* Skin tension group number "1" from rib 1 to 20, 14 points, type "1"
1      	1	20	14	1
1	0.		0.03	0.		0.
2	5.		0.4	10.		0.625
3	10.0		1.0	20.		1.25
4	15.		1.94	30.		1.875
5	17.5		2.93	35		2.1875
6	20.		3.32	40.		2.5
7	25.		3.5	65.		2.5
8	50.		3.5	70.		2.4
9	55.		3.33	75.		2.3
10	65.		2.77	80.		2.0	
11	70.		2.35	85.		1.5
12	90.		0.67	90.		0.9
13	95.		0.19	95.		0.3
14	100.		0.0	100.		0.03
*******************************************************
*	32. PARAMETERS FOR PARTS SEPARATION
*******************************************************
0
*******************************************************
*	33. DETAILED RISERS
*******************************************************
0
*******************************************************
*	34. LINES CHARACTERISTICS TABLE
*******************************************************
0
*******************************************************
*	35. SOLVE EQUILIBRIUM EQUATIONS
*******************************************************
0
*******************************************************
*	36. CREATE FILES FOR XFLR5 ANALYSIS
*******************************************************
0
*******************************************************
*	37. SOME SPECIAL PARAMETERS
*******************************************************
0
