**************************************************************
* LABORATORI D'ENVOL PARAGLIDING DESIGN                      *
* Input data file version 3.19                               *
**************************************************************
* Update 20220508, 20220724
**************************************************************
*             1. GEOMETRY                                    *
**************************************************************
* Brand name
"LABORATORI D'ENVOL"
* Wing name
"GNUA13-Cagliari"
* Drawing scale
1.
* Wing scale 
1
* Number of cells
	25
* Number of ribs
	26
* Alpha max and parameter 
	4.5	0
* Paraglider type and parameter
  "ds" 	1
* Rib geometric parameters
* Rib	x-rib	y-LE	y-TE	xp	z	beta	RP	Washin
  1     15.41      0.09    212.10     15.41      0.25      1.89     33.33      0.00
 2     46.16      0.79    211.72     46.08      2.28      5.68     33.33      0.018
 3     76.73      2.18    210.97     76.38      6.28      9.47     33.33      0.053
 4    107.04      4.28    209.85    106.11     12.20     13.10     33.33      0.106
 5    137.01      7.09    208.36    135.06     19.94     16.74     33.33      0.177
 6    166.55     10.63    206.51    163.05     29.36     20.38     33.33      0.266
 7    195.57     14.92    204.30    189.91     40.32     24.01     33.33      0.480
 8    223.98     19.98    201.75    215.50     52.65     27.50     33.33      0.640
 9    251.69     25.88    198.86    239.64     66.23     32.65     33.33      1.080
10    278.47     34.24    195.66    260.88     82.49     42.25     33.33      2.160
11    304.03     46.07    192.16    278.29    101.17     51.59     33.33      2.680
12    327.99     60.89    186.99    291.12    121.34     65.23     33.33      3.100
13    350.00     78.08    179.84    298.08    144.72     79.95     33.33      4.500
**************************************************************
*             2. AIRFOILS       	                     *
**************************************************************
* Airfoil name, intake in, intake out, open , disp, rrw, minirib
1	gnua.txt	1.6	6.3	1	0	1	1
2	gnua.txt	1.6	6.3	1	0	1	1
3	gnua.txt	1.6	6.3	1	0	1	1
4	gnua.txt	1.6	6.3	1	0	1	1
5	gnua.txt	1.6	6.3	1	0	1	1
6	gnua.txt	1.6	6.3	1	0	1	1
7	gnua.txt	1.6	6.3	1	0	1	1
8	gnua.txt	1.6	6.3	1	0	1	1
9	gnua.txt	1.6	6.3	1	0	1	1
10	gnua.txt	1.6	6.3	1	0	1	1
11	gnua.txt	1.6	6.3	0	0	1	1
12	gnua.txt	1.6	6.3	0	0	1	1
13	gnuat.txt	1.6	6.3	0	2	1	1
*************************************************************
*            3. ANCHOR POINTS                               *
*************************************************************
* Airf	Anch	A	B	C	D	E	F
1	3	9.0	35.0	65	0	0	0
2	3	9.0	35.0	65	0	0	100
3	3	9.0	35.0	65	0	0	100
4	3	9.0	35.0	65	0	0	100
5	3	9.0	35.0	65	0	0	100
6	3	9.0	35.0	65	0	0	100
7	3	9.0	35.0	65	0	0	100
8	3	9.0	35.0	65	0	0	100
9	3	9.0	35.0	65	0	0	100
10	3	9.0	35.0	65	0	0	100
11	3	9.0	35.0	65	0	0	100
12	3	9.0	35.0	65	0	0	100
13	3	5	40	75	0	0	100
*************************************************************
*          4. AIRFOIL HOLES                                 *
*************************************************************
1 
1
12
8
1 14.69	3.07	2.05	5.3	0.	0.	0.	0.
1 22.0	3.07	3.07	7.15	0.	0.	0.	0.
1 29.3	3.07	2.05	5.3	0.	0.	0.	0.
1 42.5	1.52	2.05	3.82	0.	0.	0.	0.
1 50.0	1.52	2.84	5.89	0.	0.	0.	0.
1 57.48	1.52	2.05	3.82	0.	0.	0.	0.
1 72.45	0.75	2.05	2.8	0.	0.	0.	0.
1 80.53	0.53	1.62	1.62	0.	0.	0.	0.
*************************************************************
*           5. SKIN TENSION                                 *
*************************************************************
Extrados
0.		0.	0.		0.
7.5		1.3	10.		1.33
15.		2.5	20.		2.5
80.		2.5	80.		2.5
90.		1.33	90.		1.33
100.		0.0	100.		0.
0.0114
16 0.9
*************************************************************
*           6. SEWING ALLOWANCES                            *
*************************************************************
15	25	25	upper panels (mm)
15	25	25	lower panels (mm)
15	ribs (mm)
15	vribs (mm)
*************************************************************
*           7. MARKS
*************************************************************
7.	0.5	0.15
************************************************************
*           8. Global angle of attack estimation           *
*************************************************************
* Finesse GR
	4.5
* Center of pressure % of chord
	40
* Calage %
	23
* Risers lenght cm
	47
* Line lenght cm
	380
* Karabiners cm
	40
***************************************************
*          9. SUSPENSION LINES DESCRIPTION
***************************************************
0
3
6
3	1 1	2 1	3 1	0 0 	1 1
3	1 1	2 1	3 2	0 0	1 3
3	1 1	2 1	3 3	0 0	1 5
3	1 1	2 2	3 4	0 0	1 7
3	1 1	2 2	3 5	0 0	1 9
3	1 1	2 2	3 6	0 0	1 11
9
3	1 1	2 1	3 1	0 0 	2 1
3	1 1	2 1	3 2	0 0	2 3
3	1 1	2 1	3 3	0 0	2 5
3	1 1	2 2	3 4	0 0	2 7
3	1 1	2 2	3 5	0 0	2 9
3	1 1	2 2	3 6	0 0	2 11
3	1 1	2 3	3 7	0 0	1 13
3	1 1	2 3	3 8	0 0	2 13
3	1 1	2 3	3 9	0 0	3 13
6
3	1 1	2 1	3 1	0 0 	3 1
3	1 1	2 1	3 2	0 0	3 3
3	1 1	2 1	3 3	0 0	3 5
3	1 1	2 2	3 4	0 0	3 7
3	1 1	2 2	3 5	0 0	3 9
3	1 1	2 2	3 6	0 0	3 11
***************************************************
*       10. BRAKES
***************************************************
150
11
4	1 1	2 1	3 1	4 1	6 2
4	1 1	2 1	3 1	4 2	6 3
4	1 1	2 1	3 2	4 3	6 4
4	1 1	2 1	3 2	4 4	6 5
4	1 1	2 2	3 3	4 5	6 6
4	1 1	2 2	3 3	4 6	6 7
4	1 1	2 2	3 4	4 7	6 8
4	1 1	2 2	3 4	4 8	6 9		
4	1 1	2 3	3 5	4 9	6 10
4	1 1	2 3	3 5	4 10	6 11
4	1 1	2 3	3 5	4 11	6 12
* Brake distribution
0	25	55	70	100
0 	0	0	0	0
***************************************************
*       11. Ramification lengths
***************************************************
3	160
4	150	100
3	100
4	200	70
***************************************************
*	12. H V and VH ribs
***************************************************
27
80	150
1	1	0 1	1 1	4.5	0.	0.	0
2	1	0 2	1 2	4.5	0.	0	0
3	1	0 3	1 3	4.5	0.	0	0
4	1	5 1	6 1	4.5	0.	0	0
5	1	5 2	6 2	4.5	0.	0	0
6	1	5 3	6 3	4.5	0.	0	0
7	1	6 1	7 1	4.5	0.	0	0
8	1	6 2	7 2	4.5	0.	0	0
9	1	6 3	7 3	4.5	0.	0	0
10	5	1 1	0 1	50.	35.	85.	4.5
11	5	1 2	0 1	50.	35.	85.	4.5
12	5	1 3	0 1	50.	35.	85.	4.5
13	5	3 1	1 1	50.	35.	85.	4.5
14	5	3 2	1 1	50.	35.	85.	4.5
15	5	3 3	1 1	50.	35.	85.	4.5
16	5	5 1	1 1	50.	35.	85.	4.5
17	5	5 2	1 1	50.	35.	85.	4.5
18	5	5 3	1 1	50.	35.	85.	4.5
19	5	7 1	1 1	65.	35.	85.	4.5
20	5	7 2	1 1	65.	35.	85.	4.5
21	5	7 3	1 1	65.	35.	85.	4.5
22	5	9 1	1 1	80.	35.	85.	4.5
23	5	9 2	1 1	80.	35.	85.	4.5
24	5	9 3	1 1	80.	35.	85.	4.5
25	5	11 1	1 1	80.	35.	85.	4.5
26	5	11 2	1 1	80.	35.	85.	4.5
27	5	11 3	1 1	80.	35.	85.	4.5
*****************************************************
*	15. Extrados colors
*****************************************************
13
1	1
1	84.9	0.
2	1
1	84.6	0.
3	1
1	83.4	0.
4	1
1	79.4	0.
5	1
1	69.6	0.
6	2
1	78.8	0.
2	76.9	0.
7	2
1	85.0	0.
2	82.3	0.
8	2
1	88.0	0.
2	84.5	0.
9	2
1	89.3	0.
2	83.8	0.
10	2
1	88.3	0.
2	82.5	0.
11	2
1	87.9	0.
2	78.2	0.
12	2
1	88.2	0.
2	68.5	0.
13	2
1	88.9	0.
2	44.0	0.
*****************************************************
*	16. Intrados colors
*****************************************************
1
1	1
1	0.	0.
*****************************************************
*       17. Aditional rib points
*****************************************************
2
10.8	10.62
10.8	-4.76
*****************************************************
*       18. Elastic lines corrections
*****************************************************
100
75	25
40	40	20
35	35	20	10
35	35	15	10	5
1	0.08	0.2	0.2	
2	0.08	0.2	0.2
3	0.08	0.2	0.2
4	0.08	0.2	0.2
5	0.08	0.2	0.2
******************************************************
*       19. DXF layer names
******************************************************
10
general         default
line-external	cutexternal
line-sewing     cutinternal
points		points
circles		circles
triangles       triangle
square          square
text		text
reference       refer
notes           notes
******************************************************
*       20. Marks types
******************************************************
10
typepoint   1  3.0   1.2     2  0.3  1.2
typepoint2  1  0.25  1.2     2  0.2  1.2
typepoint3  1  0.25  1.2     2  0.2  1.2
typevent    1  10.   0.0     2  2.0  0.0
typetab     1  10.   0.0     3  2.0  0.0
typejonc    1  10.   0.0     2  2.0  0.0
typeref     1  5.0   1.      1  2.0  0.0
type8       1  0.2   5.0     1  0.0  5.0
type9       1  0.0   7.0     1  3.2  4.5
type10      1  0.0   6.0     1  0.0  3.33
*******************************************************
*       21. JONCS DEFINITION (NYLON RODS)
*******************************************************
1
1
1 1 12
4.2 10.8 1.36 2.0
3.67 10.8 0.79 2.0
1.5 9.35 6.3 9.35
*******************************************************
*       22. NOSE MYLARS DEFINITION
*******************************************************
0
*******************************************************
*       23. TAB REINFORCEMENTS
*******************************************************
0
*******************************************************
*       24. GENERAL 2D DXF OPTIONS
*******************************************************
1
A_lines_color	1     red
B_lines_color	30    orange
C_lines_color	3     green
D_lines_color	4     cyan
E_lines_color   6     magenta
F_lines_color	5     blue
*******************************************************
*       25. GENERAL 3D DXF OPTIONS
*******************************************************
1
A_lines_color	1     red
B_lines_color	8     grey
C_lines_color	8     grey
D_lines_color	8     grey
E_lines_color   8     grey
F_lines_color	30    orange
Extrados	0	5       blue
Vents		0	1       red
Intrados	0	3	green
*******************************************************
*       26. GLUE VENTS
*******************************************************
1
1	0
2	0
3	0
4	0
5	0
6	0
7	0
8	0
9	0
10	0
11	-2
12	-1
13	-1
*******************************************************
*       27. SPECIAL WING TIP
*******************************************************
0
*******************************************************
*       28. PARAMETERS FOR CALAGE VARIATION
*******************************************************
1
3
9.0 35 65 0   0  0
-4 10 4 10
*******************************************************
*       29. 3D SHAPING
*******************************************************
1
1
groups 	1
group   1       1       13
upper	0	1
lower	0	1
* Print parameters
Inter3D 1	1	12	1
Ovali3D 1	1	12	0
tesse3D 1	1	13	1
exteDXF 1	1	13	1
exteSTL 1	1	13	1
*******************************************************
*       30. AIRFOIL THICKNESS MODIFICATION
*******************************************************
1
1	1.0
2	1.0
3	1.0
4	1.0
5	1.0
6	1.0
7	1.0
8	1.0
9	1.0
10	1.0
11	1.0
12	1.0
13      1.0
*******************************************************
*       31. NEW SKIN TENSION MODULE
*******************************************************
1
1
* Skin tension group number "1" from rib 1 to 13, 6 points, type "1"
1      	1	13	6	1
1	0.		0.03	0.		0.
2	7.5		1.3	10.		1.33
3	15.		2.5	20.		2.5
4	80.		2.5	80.		2.5
5	90.		1.33	90.		1.33
6	100.		0.0	100.		0.03
********************************************************
*       32. PARAMETERS FOR PARTS SEPARATION
*******************************************************
1
panel_x		1.2
panel_x_min	1.0
panel_y		0.8
rib_x		1.0
rib_y		1.0
rib_1y		1.8
parameter7	1.0
parameter8	1.0
parameter9	1.0
parameter10	1.0
*******************************************************
*	33. DETAILED RISERS
*******************************************************
0
*******************************************************
*	34. LINES CHARACTERISTICS TABLE
*******************************************************
0
*******************************************************
*	35. SOLVE EQUILIBRIUM EQUATIONS
*******************************************************
0
*******************************************************
*	36. CREATE FILES FOR XFLR5 ANALYSIS
*******************************************************
0
*******************************************************
*	37. SOME SPECIAL PARAMETERS
*******************************************************
0
