**************************************************************
* LABORATORI D'ENVOL PARAGLIDING DESIGN                      *
* Input data file (leparagliding 2.35)                        *
**************************************************************
* Data input file lep version 2.35
**************************************************************
*             1. GEOMETRY                                    *
**************************************************************
* Brand name
"ANISENKOV"
* Wing name
"BHL-2 21 m2 "
* Drawing scale
1.
* Wing scale 
0.957567108
* Number of cells
	33
* Number of ribs
	34
* Alpha max and parameter
	10.0	0
* Paraglider type and parameter
  "ss" 1
* Rib geometric parameters
* Rib	x-rib	y-LE	y-TE	xp	z	beta	RP	Washin
1     18.47       .09    268.04     18.46       .24      1.53     33.33       .00
2     55.32       .83    267.63     55.26      2.11      4.31     33.33       .00
3     92.01      2.31    266.81     91.76      5.83      7.23     33.33       .00
4    128.47      4.52    265.58    127.80     11.36     10.15     33.33       .00
5    164.61      7.48    263.94    163.19     18.62     13.00     33.33       .00
6    200.35     11.21    261.89    197.71     27.87     17.10     33.33       .00
7    235.61     15.70    259.42    231.02     39.40     21.21     33.33       .00
8    270.31     20.99    256.53    262.94     53.01     25.05     33.33       .00
9    304.35     27.17    253.23    293.25     68.48     28.90     33.33       0.25
10    337.58     35.25    249.50    321.77     85.54     32.74     33.33       1.00
11    369.82     45.51    245.36    348.28    103.86     36.59     33.33       2.00
12    400.89     57.85    240.70    372.58    123.21     41.19     33.33       3.00
13    430.61     72.15    235.40    393.83    143.97     47.35     33.33       4.00
14    458.81     88.29    229.50    411.86    165.64     53.11     33.33       5.00
15    485.33    106.21    223.07    426.73    187.58     59.33     33.33       6.00
16    510.02    125.97    216.19    436.26    210.27     75.16     33.33       8.00
17    532.69    147.88    208.94    439.31    234.36     89.34     33.33      10.00
**************************************************************
*             2. AIRFOILS       	                     *
**************************************************************
* Airfoil name, intake in, intake out, open, disp, rrw 	
1	bhl2_01.txt	2.244	10.0	1	0	1	1
2	bhl2_01.txt	2.244	10.0	1	0	1	1
3	bhl2_01.txt	2.244	10.0	1	0	1	1
4	bhl2_01.txt	2.244	10.0	1	0	1	1
5	bhl2_01.txt	2.244	10.0	1	0	1	1
6	bhl2_01.txt	2.244	10.0	1	0	1	1
7	bhl2_01.txt	2.244	10.0	1	0	1	1
8	bhl2_01.txt	2.244	10.0	1	0	1	1
9	bhl2_01.txt	2.244	10.0	1	0	1	1
10	bhl2_01.txt	2.244	10.0	1	0	1	1
11	bhl2_01.txt	2.244	10.0	1	0	1	1
12	bhl2_01.txt	2.244	10.0	1	0	1	1
13	bhl2_01.txt	2.244	10.0	1	0	1	1
14	bhl2_01.txt	2.244	10.0	1	0	1	1
15	bhl2_15.txt	2.244	10.0	1	0	1	1
16	bhl2_15.txt	2.244	10.0	1	0	1	1
17	bhl2_17.txt 	0.000	10.00	1	0	1	1
*************************************************************
*            3. ANCHOR POINTS                               *
*************************************************************
* Airf	Anch	A	B	C	D	E	F
1	4	10.	30.35	51.32	75.28	0	0
2	4	10.	30.35	51.32	75.28	0	100
3	4	10.	30.35	51.32	75.28	0	100
4	4	10.	30.35	51.32	75.28	0	100
5	4	10.	30.35	51.32	75.28	0	100
6	4	10.	30.35	51.32	75.28	0	100
7	4	10.	30.35	51.32	75.28	0	100
8	4	10.	30.35	51.32	75.28	0	100
9	4	10.	30.35	51.32	75.28	0	100
10	4	10.	30.35	51.32	75.28	0	100
11	4	10.	30.35	51.32	75.28	0	100
12	4	10.	30.35	51.32	75.28	0	100
13	4	10.	30.35	51.32	75.28	0	100
14	4	10.	30.35	51.32	75.28	0	100
15	3	10.	41.12	78.09	0.0	0	100
16	3	10.	41.12	78.09	0.0	0	100
17	4	0.	33	66	95	0	100
*************************************************************
*          4. AIRFOIL HOLES                                 *
*************************************************************
1 
1	
14 	
1	
1 8.59	1.92	3. 3.	0. 0. 0.
*************************************************************
*           5. SKIN TENSION                                 *
*************************************************************
Extrados
0.		0.	0.		0.
7.5		1.3	10.		1.33
15.		2.5	20.		2.5
80.		2.5	80.		2.5
90.		1.33	90.		1.33
100.		0.0	100.		0.
0.0001
16	0.9
*************************************************************
*           6. SEWING ALLOWANCES                            *
*************************************************************
15	25	25	upper panels (mm)
15	25	25	lower panels (mm)
15	ribs (mm)
15	vribs (mm)
*************************************************************
*           7. MARKS
*************************************************************
25.	0.5	0.15
************************************************************
*           8. Global angle of attack estimation           *
*************************************************************
* Finesse GR
	7.5
* Center of pressure % of chord
	45
* Calage %
	42
* Risers lenght cm
	47
* Line lenght cm
	645
* Karabiners cm
	40
***************************************************
*          9. SUSPENSION LINES DESCRIPTION
***************************************************
0
3
15
4	1 1	2 1	3 1	4 1 	1 1
4	1 1	2 1	3 1	4 2	1 2
4	1 1	2 1	3 2	4 3	1 3
4	1 1	2 1	3 2	4 4	1 4
4	1 1	2 2	3 3	4 5	1 5
4	1 1	2 2	3 3	4 6	1 6
4	1 1	2 2	3 4	4 7	1 7
4	1 1	2 2	3 4	4 8	1 8
4	1 1	2 2	3 4	4 9	1 9
4	1 1	2 3	3 5	4 10	1 10
4	1 1	2 3	3 5	4 11	1 11
4	1 1	2 3	3 5	4 12	1 12
4	1 1	2 3	3 6	4 13	1 13
4	1 1	2 3	3 6	4 14	1 14
4	1 1	2 3	3 6	4 15	1 15
19
4	1 1	2 1	3 1	4 1 	2 1
4	1 1	2 1	3 1	4 2	2 2
4	1 1	2 1	3 2	4 3	2 3
4	1 1	2 1	3 2	4 4	2 4
4	1 1	2 2	3 3	4 5	2 5
4	1 1	2 2	3 3	4 6	2 6
4	1 1	2 2	3 4	4 7	2 7
4	1 1	2 2	3 4	4 8	2 8
4	1 1	2 2	3 4	4 9	2 9
4	1 1	2 3	3 5	4 10	2 10
4	1 1	2 3	3 5	4 11	2 11
4	1 1	2 3	3 5	4 12	2 12
4	1 1	2 3	3 6	4 13	2 13
4	1 1	2 3	3 6	4 14	2 14
4	1 1	2 3	3 6	4 15	2 15
3	1 1	2 4	3 7	0 0	1 17
3	1 1	2 4	3 8	0 0	2 17
3	1 1	2 4	3 9	0 0	3 17
3	1 1	2 4	3 10	0 0	4 17
29
4	1 1	2 1	3 1	4 1 	3 1
4	1 1	2 1	3 1	4 2	3 2
4	1 1	2 1	3 2	4 3	3 3
4	1 1	2 1	3 2	4 4	3 4
4	1 1	2 1	3 3	4 5 	4 1
4	1 1	2 1	3 3	4 6	4 2
4	1 1	2 1	3 4	4 7	4 3
4	1 1	2 1	3 4	4 8	4 4
4	1 1	2 2	3 5	4 9	3 5
4	1 1	2 2	3 5	4 10	3 6
4	1 1	2 2	3 6	4 11	3 7
4	1 1	2 2	3 6	4 12	3 8
4	1 1	2 2	3 6	4 13	3 9
4	1 1	2 2	3 7	4 14	4 5
4	1 1	2 2	3 7	4 15	4 6
4	1 1	2 2	3 8	4 16	4 7
4	1 1	2 2	3 8	4 17	4 8
4	1 1	2 2	3 8	4 18	4 9
4	1 1	2 3	3 9	4 19	3 10
4	1 1	2 3	3 9	4 20	3 11
4	1 1	2 3	3 9	4 21	3 12
4	1 1	2 3	3 10	4 22	3 13
4	1 1	2 3	3 10	4 23	3 14
4	1 1	2 3	3 11	4 24	4 10
4	1 1	2 3	3 11	4 25	4 11
4	1 1	2 3	3 11	4 26	4 12
4	1 1	2 3	3 12	4 27	4 13
4	1 1	2 3	3 12	4 28	4 14
4	1 1	2 3	3 12	4 29	3 15
***************************************************
*       10. BRAKES
***************************************************
288
15
4	1 1	2 1	3 1	4 1	6 2
4	1 1	2 1	3 1	4 2	6 3
4	1 1	2 1	3 2	4 3	6 4
4	1 1	2 1	3 2	4 4	6 5
4	1 1	2 2	3 3	4 5	6 6
4	1 1	2 2	3 3	4 6	6 7
4	1 1	2 2	3 3	4 7	6 8
4	1 1	2 2	3 4	4 8	6 9
4	1 1	2 2	3 4	4 9	6 10
4	1 1	2 2	3 4	4 10	6 11		
3	1 1	2 3	3 5	0 0	6 12
3	1 1	2 3	3 6	0 0	6 13
3	1 1	2 3	3 7	0 0	6 14
3	1 1	2 3	3 8	0 0	6 15
3	1 1	2 3	3 9	0 0	6 16
* Brake distribution
0	25	55	70	100
0 	0	0	0	0
***************************************************
*       11. Ramification lengths
***************************************************
3	150
4	290	100
3	100
4	160	80
***************************************************
*	12. H V and VH ribs
***************************************************
3
80	150
1	1	0 1	1 1	2.5	0	0	0
2	1	4 1	5 1	2.5	0	0	0
3	1	9 1	10 1	2.5	0	0	0
*****************************************************
*	15. Extrados colors
*****************************************************
3
1	1
1	40.1	0.
2	1
1	20.15	0.
3	1
1	0.0	0.
*****************************************************
*	16. Intrados colors
*****************************************************
1
1	1
1	0.	0.
*****************************************************
*       17. Aditional rib points
*****************************************************
2
8.288	7.27
11.21	-2.113
*****************************************************
*       18. Elastic lines corrections
*****************************************************
100
75	25
40	40	20
35	35	20	10
35	35	15	10	5
1	0.08	0.2	0.2	
2	0.08	0.2	0.2
3	0.08	0.2	0.2
4	0.08	0.2	0.2
5	0.08	0.2	0.2
*******************************************************
*	19. DXF layer names
*******************************************************
0
*******************************************************
*	20. Marks types
*******************************************************
0
*******************************************************
*	21. JONCS DEFINITION (NYLON RODS)
*******************************************************
0
*******************************************************
*	22. NOSE MYLARS DEFINITION
*******************************************************
0
*******************************************************
*	23. TAB REINFORCEMENTS
*******************************************************
0
*******************************************************
*	24. GENERAL 2D DXF OPTIONS
*******************************************************
0
*******************************************************
*	25. GENERAL 3D DXF OPTIONS
*******************************************************
0
*******************************************************
*	26. GLUE VENTS
*******************************************************
0
*******************************************************
*	27. SPECIAL WING TIP
*******************************************************
0
*******************************************************
*	28. PARAMETERS FOR CALAGE VARIATION
*******************************************************
0
*******************************************************
*	29. 3D SHAPING
*******************************************************
0
*******************************************************
*	30. AIRFOIL THICKNESS MODIFICATION
*******************************************************
0
*******************************************************
*	31. NEW SKIN TENSION MODULE
*******************************************************
0
*******************************************************
*	32. PARAMETERS FOR PARTS SEPARATION
*******************************************************
0
*******************************************************
*	33. DETAILED RISERS
*******************************************************
0
*******************************************************
*	34. LINES CHARACTERISTICS TABLE
*******************************************************
0
*******************************************************
*	35. SOLVE EQUILIBRIUM EQUATIONS
*******************************************************
0
*******************************************************
*	36. CREATE FILES FOR XFLR5 ANALYSIS
*******************************************************
0
*******************************************************
*	37. SOME SPECIAL PARAMETERS
*******************************************************
0
